5457 0.3478618264198303
26448 0.3413696587085724
12872 0.33174532651901245
46126 0.3300056457519531
2797 0.3273375928401947
49673 0.3263872265815735
34344 0.3259129524230957
37312 0.3248121440410614
36092 0.3242407441139221
41917 0.3236737549304962
12982 0.3234235644340515
3898 0.322427898645401
44733 0.32227569818496704
19871 0.32044127583503723
4680 0.31927672028541565
31733 0.31922855973243713
10448 0.3181758224964142
13210 0.31805920600891113
44569 0.3173879086971283
1976 0.3169228732585907
47600 0.31634721159935
41963 0.3161158561706543
42885 0.3157304525375366
1006227 0.3152344226837158
11180 0.31515613198280334
1008905 0.3148098289966583
39670 0.31469935178756714
6370 0.3142850697040558
1005262 0.3140052258968353
13884 0.31373780965805054
50384 0.31371015310287476
15997 0.3136569857597351
1001130 0.3136166036128998
7889 0.31353819370269775
1000088 0.31319934129714966
48100 0.3131901025772095
4750 0.3129518926143646
9987 0.3125448524951935
9567 0.31246575713157654
13523 0.3123916983604431
25666 0.31223899126052856
28217 0.31217992305755615
18806 0.312079519033432
1005368 0.3119295835494995
1003326 0.31185266375541687
1005009 0.3116373121738434
39950 0.31138622760772705
17092 0.31108856201171875
49688 0.3110255300998688
1002483 0.3109196424484253
31929 0.31060290336608887
1006452 0.3104802370071411
12257 0.3104671239852905
15520 0.3102445900440216
21625 0.31023237109184265
7368 0.310183584690094
1006812 0.31011539697647095
6600 0.30987435579299927
43655 0.3098585605621338
1011809 0.30981940031051636
33475 0.30975860357284546
656 0.30967819690704346
21484 0.3096405267715454
21690 0.30958491563796997
48637 0.3095187842845917
1012408 0.3094627261161804
6116 0.30938297510147095
17492 0.30934643745422363
1006182 0.3093017637729645
2115 0.3092626631259918
8898 0.3092123866081238
37199 0.30910301208496094
1006051 0.3090525269508362
19685 0.3090268671512604
42663 0.3087528347969055
121 0.30862727761268616
27742 0.3085560202598572
6567 0.308353990316391
5839 0.3082464337348938
1009381 0.30809980630874634
1007750 0.3079330027103424
27409 0.30757594108581543
23875 0.3075680434703827
50513 0.30751878023147583
6974 0.307159960269928
1001867 0.30711227655410767
10902 0.30692756175994873
1007845 0.3069249093532562
34640 0.3066687285900116
49167 0.3066500425338745
21807 0.3066309690475464
15052 0.3065681755542755
1006159 0.3065182864665985
8839 0.3055916130542755
20923 0.30535778403282166
10495 0.30522987246513367
43422 0.30519744753837585
27088 0.3049468696117401
45844 0.3049350082874298
23589 0.3048773407936096
