28045 0.31602001190185547
16608 0.3155587911605835
36346 0.31466957926750183
4566 0.314489483833313
28227 0.3137061297893524
1002502 0.3131580352783203
1008409 0.3122161328792572
39793 0.3110213577747345
1003161 0.3107835650444031
38959 0.30861228704452515
6252 0.3083828091621399
36873 0.3078274428844452
33458 0.3077528178691864
41068 0.3074439764022827
14531 0.3072717785835266
8047 0.3064174950122833
49114 0.30602163076400757
4286 0.3058982789516449
28493 0.30543890595436096
43146 0.30537059903144836
1000026 0.3052782118320465
1002781 0.3048964738845825
1004491 0.3048315942287445
3375 0.30473750829696655
3937 0.30469128489494324
1000053 0.3043884038925171
33328 0.30425766110420227
36048 0.30421343445777893
42992 0.30401507019996643
33613 0.3039454221725464
44054 0.3038531541824341
1004377 0.30364567041397095
47168 0.30355221033096313
17644 0.30250459909439087
32139 0.3022758960723877
40502 0.30203977227211
1008607 0.30163198709487915
42799 0.3013112246990204
5665 0.3012567460536957
18354 0.3011914789676666
24846 0.3011356294155121
48636 0.30091941356658936
41913 0.30090683698654175
1941 0.30076149106025696
897 0.3005635440349579
2159 0.30009350180625916
46834 0.2999720871448517
1008045 0.29984599351882935
14795 0.2998419404029846
37768 0.2995632290840149
21622 0.2992474138736725
1011734 0.29922011494636536
1005859 0.29857540130615234
43609 0.2984364926815033
1010392 0.29838743805885315
6017 0.29837653040885925
37136 0.2978556156158447
1005953 0.2977815568447113
17575 0.29752659797668457
31750 0.29737764596939087
39780 0.2971494495868683
14638 0.2970004677772522
1010337 0.29683348536491394
25066 0.2968135178089142
2131 0.29673874378204346
14717 0.296657532453537
39773 0.2966001629829407
1008151 0.29644912481307983
11594 0.2964436709880829
28072 0.29639798402786255
21742 0.2962632179260254
26131 0.29624906182289124
24964 0.2954513132572174
6714 0.29532361030578613
1007816 0.29530203342437744
1007320 0.2951669692993164
16424 0.2950607240200043
43380 0.2947176694869995
49839 0.29463672637939453
11254 0.2945287525653839
46877 0.29442206025123596
23776 0.2942756414413452
208 0.29413896799087524
8701 0.2940945327281952
458 0.2938680946826935
22126 0.29379498958587646
1009855 0.29369595646858215
40286 0.29360684752464294
22408 0.2933540344238281
27434 0.29324424266815186
42480 0.29318296909332275
7884 0.29317086935043335
42413 0.2931121587753296
23944 0.2930753827095032
10718 0.2926953136920929
12780 0.2926308214664459
48110 0.2925107479095459
35590 0.29248812794685364
1010693 0.29247498512268066
34412 0.2923348844051361
