227 9.107049942016602
174 8.998147010803223
172 8.688397407531738
1640 8.640628814697266
674 8.628353118896484
5411 8.626626014709473
768 8.549592018127441
802 8.518082618713379
5639 8.498554229736328
4482 8.497523307800293
3592 8.39401626586914
2225 8.386260032653809
4468 8.383790016174316
4564 8.37435531616211
3813 8.353270530700684
1163 8.350337028503418
2147 8.308713912963867
71 8.307622909545898
794 8.306370735168457
4072 8.26506233215332
202 8.264617919921875
614 8.240949630737305
671 8.206475257873535
2424 8.184764862060547
3839 8.155619621276855
788 8.140222549438477
81 8.117718696594238
212 8.09595775604248
2580 8.077780723571777
3973 8.074639320373535
877 8.065633773803711
5684 8.061532020568848
1100 8.05976390838623
4469 8.045937538146973
4005 8.033592224121094
2385 8.02585220336914
3796 8.015101432800293
3379 7.998098850250244
2870 7.995096683502197
3227 7.975973606109619
4661 7.968533515930176
2055 7.968138217926025
1134 7.955321311950684
4052 7.953704833984375
4958 7.946086883544922
2407 7.9352335929870605
157 7.92669153213501
4463 7.916219234466553
936 7.916042327880859
5105 7.912466526031494
2391 7.910987854003906
5811 7.904074192047119
3806 7.904062747955322
4521 7.901932239532471
2487 7.900124549865723
3365 7.887735843658447
5622 7.886378765106201
168 7.882622241973877
4969 7.855775833129883
5830 7.854677200317383
4789 7.850844860076904
5797 7.850162982940674
4823 7.848280906677246
382 7.844165802001953
3927 7.843813896179199
2724 7.84035587310791
3566 7.8367791175842285
865 7.832122325897217
123 7.830738544464111
3383 7.8282670974731445
4682 7.823182106018066
2756 7.82156229019165
899 7.820301055908203
3282 7.815927982330322
3696 7.815083026885986
3674 7.813016414642334
3384 7.808762073516846
319 7.807061672210693
548 7.805492877960205
4838 7.801748752593994
240 7.797394275665283
5110 7.793696880340576
2206 7.792630672454834
2057 7.783504962921143
4930 7.779481887817383
4103 7.769818305969238
5539 7.761507987976074
5120 7.757761478424072
3729 7.753526210784912
4113 7.752738952636719
868 7.749619483947754
5873 7.749592304229736
3727 7.743252277374268
3838 7.740522384643555
2453 7.738021373748779
3435 7.737938404083252
4851 7.734480381011963
5415 7.728210926055908
163 7.725759506225586
3690 7.717581748962402
