4336 10.428755760192871
4297 10.415356636047363
1821 10.155617713928223
5684 9.80093765258789
3281 9.583545684814453
4198 9.57601547241211
4034 9.549530982971191
2140 9.48405933380127
2131 9.462691307067871
5545 9.41928768157959
3309 9.412075996398926
3001 9.280779838562012
4973 9.237503051757812
1937 9.191951751708984
2151 9.179398536682129
2650 9.172268867492676
768 9.12979793548584
802 9.085061073303223
3350 9.079402923583984
4206 9.07008171081543
2641 9.055533409118652
4302 9.013489723205566
1856 8.990530967712402
4214 8.95742416381836
1925 8.945290565490723
3175 8.944112777709961
1316 8.939729690551758
227 8.937864303588867
2156 8.929956436157227
1703 8.909708976745605
2383 8.895984649658203
2145 8.877852439880371
2644 8.835296630859375
2067 8.8134126663208
2114 8.812529563903809
2109 8.799520492553711
4344 8.791516304016113
366 8.787896156311035
379 8.786531448364258
4248 8.777425765991211
4253 8.770231246948242
387 8.7429838180542
2363 8.74100112915039
4066 8.731427192687988
2419 8.701541900634766
4769 8.662882804870605
4784 8.657145500183105
4089 8.653834342956543
71 8.646225929260254
382 8.634631156921387
4353 8.632314682006836
4340 8.631143569946289
2656 8.61743450164795
52 8.608691215515137
4079 8.60461139678955
46 8.602359771728516
2664 8.600207328796387
4499 8.598440170288086
4032 8.597559928894043
4396 8.583558082580566
1301 8.582414627075195
4291 8.577794075012207
2649 8.575579643249512
3224 8.57401180267334
1732 8.56248950958252
4342 8.558455467224121
4258 8.554110527038574
182 8.550529479980469
972 8.54973030090332
2362 8.5322265625
45 8.495110511779785
1725 8.49415397644043
3015 8.488194465637207
4682 8.486916542053223
1910 8.484575271606445
1832 8.483332633972168
4374 8.478411674499512
2642 8.477895736694336
4795 8.473782539367676
1908 8.466011047363281
2652 8.461468696594238
2105 8.460687637329102
1346 8.414834022521973
1333 8.40044116973877
4076 8.398526191711426
43 8.397000312805176
4331 8.384876251220703
4108 8.383291244506836
3007 8.38325309753418
1720 8.344653129577637
2225 8.326321601867676
1347 8.326072692871094
1959 8.326044082641602
1956 8.321568489074707
47 8.317069053649902
1308 8.31338882446289
1304 8.307917594909668
2923 8.306784629821777
764 8.299896240234375
1342 8.299539566040039
