2168 10.544441223144531
2194 10.52050495147705
406 10.489187240600586
2173 10.410435676574707
2488 10.377169609069824
411 10.334810256958008
2487 10.307350158691406
2217 10.284971237182617
4013 10.226238250732422
2172 10.183810234069824
2469 10.171205520629883
2474 10.169665336608887
2199 10.086201667785645
403 10.06633186340332
3997 9.975828170776367
2195 9.918739318847656
2210 9.915921211242676
2188 9.909785270690918
2478 9.869757652282715
1606 9.843809127807617
4768 9.831762313842773
2182 9.79617691040039
770 9.765484809875488
3998 9.762953758239746
2468 9.757074356079102
415 9.724120140075684
2162 9.694679260253906
402 9.645459175109863
422 9.626229286193848
418 9.623839378356934
2209 9.620696067810059
4002 9.574009895324707
2207 9.573532104492188
2200 9.52476978302002
2160 9.483464241027832
4001 9.428444862365723
1450 9.400087356567383
2175 9.392559051513672
2174 9.349252700805664
408 9.331572532653809
4898 9.32547664642334
5286 9.30289363861084
3184 9.295269966125488
2161 9.258819580078125
2465 9.254317283630371
414 9.249927520751953
2484 9.1881685256958
2171 9.175847053527832
1615 9.154494285583496
2486 9.151466369628906
1447 9.148037910461426
4007 9.137513160705566
760 9.091341972351074
2090 9.056009292602539
774 9.055266380310059
4111 9.046006202697754
692 9.043478012084961
2233 9.018472671508789
1608 9.00981616973877
2193 8.988245964050293
4112 8.963025093078613
4092 8.94204330444336
4136 8.941825866699219
442 8.920341491699219
4051 8.91153335571289
2212 8.888517379760742
1594 8.868765830993652
412 8.862959861755371
1607 8.817451477050781
2202 8.807413101196289
4014 8.799432754516602
4016 8.796233177185059
436 8.791893005371094
1611 8.768595695495605
3989 8.729086875915527
3183 8.726688385009766
4061 8.682954788208008
2163 8.672149658203125
311 8.638887405395508
627 8.631460189819336
2179 8.630550384521484
1598 8.619009971618652
5301 8.615728378295898
1600 8.614500999450684
407 8.60599136352539
395 8.597491264343262
421 8.582182884216309
1964 8.572019577026367
4102 8.521607398986816
1591 8.515196800231934
5303 8.500265121459961
446 8.496119499206543
2185 8.475130081176758
4017 8.469769477844238
401 8.453972816467285
440 8.445721626281738
1613 8.440719604492188
477 8.439709663391113
2243 8.436341285705566
307 8.431801795959473
