411 10.328723907470703
665 10.276138305664062
2209 10.125740051269531
2488 10.1082124710083
397 10.043805122375488
403 10.030335426330566
2210 9.999768257141113
4111 9.81101131439209
436 9.767197608947754
442 9.744149208068848
1591 9.713968276977539
2484 9.709630012512207
4013 9.673047065734863
4016 9.655235290527344
2487 9.58802604675293
412 9.557953834533691
391 9.55769157409668
1450 9.547103881835938
396 9.536563873291016
2216 9.509944915771484
2167 9.483085632324219
802 9.47420597076416
3992 9.469552993774414
2200 9.459393501281738
415 9.430715560913086
2464 9.403502464294434
2168 9.382153511047363
671 9.365961074829102
1615 9.36097526550293
2188 9.360279083251953
422 9.297304153442383
402 9.282477378845215
4117 9.261842727661133
2199 9.257280349731445
429 9.25352954864502
2474 9.245645523071289
4002 9.217260360717773
1607 9.214937210083008
1640 9.205696105957031
400 9.20487117767334
5303 9.192232131958008
5286 9.178754806518555
4001 9.175480842590332
4136 9.15984058380127
455 9.156783103942871
2194 9.152249336242676
3989 9.139059066772461
2478 9.137542724609375
443 9.135385513305664
1594 9.131935119628906
2486 9.131675720214844
413 9.127716064453125
4064 9.12159538269043
269 9.11423397064209
4898 9.105986595153809
4112 9.105362892150879
1440 9.102126121520996
321 9.101311683654785
414 9.071439743041992
2162 9.063207626342773
2171 9.061891555786133
774 9.056822776794434
395 9.049107551574707
4085 9.047673225402832
2173 9.039482116699219
2170 9.03786563873291
2195 9.029998779296875
3184 9.0131254196167
4768 8.98019790649414
2220 8.978625297546387
4003 8.976518630981445
2182 8.963484764099121
2074 8.957255363464355
4061 8.942152976989746
406 8.935846328735352
471 8.93558120727539
2218 8.916241645812988
4006 8.902853012084961
2163 8.897912979125977
3997 8.891364097595215
2172 8.884315490722656
2476 8.875211715698242
4968 8.868897438049316
4014 8.864391326904297
4011 8.863602638244629
410 8.840283393859863
2175 8.822429656982422
2469 8.81035327911377
3998 8.805302619934082
2085 8.795694351196289
770 8.792530059814453
3751 8.776947021484375
1595 8.759566307067871
2471 8.74817943572998
4017 8.73169231414795
459 8.73102855682373
4096 8.715080261230469
697 8.71298599243164
2178 8.712120056152344
440 8.703783988952637
