4136 10.536476135253906
5223 10.351447105407715
2239 10.25108528137207
2241 10.073088645935059
5411 9.986017227172852
5345 9.961804389953613
2228 9.812963485717773
1142 9.807093620300293
5500 9.613992691040039
513 9.573010444641113
517 9.547804832458496
4652 9.4988374710083
1461 9.491774559020996
1269 9.4749755859375
4768 9.461081504821777
2469 9.396288871765137
536 9.372770309448242
2246 9.36082935333252
674 9.307897567749023
4572 9.257963180541992
2233 9.247627258300781
4565 9.236457824707031
535 9.218603134155273
2961 9.194609642028809
240 9.192251205444336
526 9.188837051391602
5089 9.177570343017578
4885 9.149972915649414
2227 9.078593254089355
2199 9.07635498046875
2194 9.050431251525879
4700 9.047440528869629
537 9.014578819274902
5131 9.00614070892334
5412 8.969759941101074
511 8.967853546142578
4671 8.960465431213379
4967 8.92712116241455
2080 8.885019302368164
5389 8.879770278930664
3610 8.847334861755371
1999 8.84264087677002
2589 8.842073440551758
4797 8.841256141662598
5179 8.813836097717285
2954 8.800821304321289
253 8.78485107421875
2293 8.776453971862793
2090 8.7760591506958
4128 8.771408081054688
2074 8.765192031860352
4016 8.737303733825684
4346 8.684846878051758
5083 8.670777320861816
2072 8.624173164367676
5184 8.614733695983887
5423 8.608735084533691
4659 8.557215690612793
5172 8.550928115844727
2477 8.548796653747559
4663 8.539347648620605
1898 8.529214859008789
3992 8.525636672973633
3276 8.516107559204102
525 8.493252754211426
524 8.466519355773926
4502 8.451746940612793
5259 8.431626319885254
5373 8.423300743103027
540 8.422429084777832
2327 8.417985916137695
2304 8.416804313659668
1633 8.408738136291504
5431 8.392889022827148
2247 8.381047248840332
3854 8.363192558288574
515 8.361589431762695
2027 8.354997634887695
2079 8.346839904785156
5199 8.327437400817871
2281 8.324441909790039
4815 8.324302673339844
2111 8.30465030670166
2225 8.287809371948242
2035 8.286101341247559
4010 8.281737327575684
5392 8.26598834991455
5086 8.265751838684082
5020 8.259147644042969
5386 8.24692153930664
5010 8.240346908569336
2639 8.239696502685547
5647 8.239646911621094
4406 8.227397918701172
5260 8.222126960754395
5289 8.2174072265625
4698 8.214822769165039
4852 8.212775230407715
5398 8.206804275512695
2013 8.202339172363281
