1047 10.072898864746094
1939 9.826967239379883
5500 9.750828742980957
5310 9.364230155944824
2027 9.336663246154785
1656 9.101696968078613
2316 9.016971588134766
3674 9.01575756072998
3686 9.005295753479004
5545 9.00479507446289
3680 8.99118423461914
3007 8.964625358581543
4167 8.828934669494629
2470 8.68311595916748
2462 8.678812980651855
495 8.612835884094238
4682 8.549840927124023
2037 8.532905578613281
484 8.525676727294922
3537 8.516739845275879
1674 8.505485534667969
2068 8.489296913146973
507 8.442760467529297
2722 8.410154342651367
2489 8.410073280334473
1678 8.401339530944824
2463 8.39090347290039
2158 8.38535213470459
413 8.379861831665039
1329 8.379766464233398
2026 8.355627059936523
1450 8.353075981140137
565 8.346799850463867
2471 8.307276725769043
2077 8.255444526672363
2592 8.25105094909668
1693 8.242189407348633
1341 8.211088180541992
477 8.20570182800293
1997 8.177559852600098
1211 8.153773307800293
4564 8.12137222290039
1657 8.105666160583496
1297 8.098396301269531
2988 8.09052562713623
1006 8.084420204162598
2529 8.033052444458008
2147 8.022929191589355
2970 8.012913703918457
2473 7.9831671714782715
3993 7.956778526306152
3397 7.928066730499268
4224 7.919061660766602
1695 7.882281303405762
1242 7.8792948722839355
4306 7.871767520904541
480 7.870241641998291
1650 7.856590747833252
5767 7.838785648345947
4145 7.832243919372559
4261 7.825364589691162
768 7.819214344024658
2466 7.785808086395264
5526 7.77338981628418
5563 7.747274875640869
2480 7.712347030639648
4196 7.69836950302124
1665 7.696381092071533
288 7.68040132522583
2789 7.667728424072266
2479 7.6310834884643555
1925 7.615084171295166
4333 7.606078147888184
770 7.597272872924805
5531 7.5910868644714355
2032 7.585480690002441
2468 7.577756881713867
482 7.5768609046936035
937 7.566483020782471
5622 7.564895153045654
5568 7.536585330963135
4014 7.519653797149658
2199 7.515927314758301
5560 7.513260841369629
45 7.484861850738525
503 7.476918697357178
4215 7.472814083099365
5451 7.46914529800415
5418 7.465555667877197
4374 7.446088790893555
2052 7.441924571990967
3295 7.439796447753906
2889 7.429351806640625
4976 7.426884651184082
960 7.413060188293457
4175 7.403280735015869
4392 7.396111488342285
4307 7.374271869659424
513 7.370416164398193
1901 7.367431163787842
