1294 10.77882194519043
4167 10.626439094543457
3402 10.536883354187012
505 10.465633392333984
3576 10.422171592712402
1047 10.330422401428223
4157 10.30832576751709
3478 10.298279762268066
455 10.29227352142334
484 10.274321556091309
1239 10.27245807647705
4148 10.272162437438965
2466 10.166597366333008
491 10.164989471435547
492 10.15735149383545
4186 10.155834197998047
2052 10.142924308776855
1237 10.133344650268555
4196 10.133223533630371
2486 10.096948623657227
2460 10.090865135192871
4194 10.073246002197266
666 10.056493759155273
4140 10.042935371398926
4195 10.029790878295898
4178 10.0047607421875
2830 9.985660552978516
4439 9.985147476196289
489 9.984890937805176
477 9.977814674377441
4137 9.95569133758545
2146 9.934664726257324
4170 9.931843757629395
506 9.916967391967773
4166 9.902167320251465
4139 9.900261878967285
4392 9.852067947387695
4176 9.812437057495117
4145 9.81202507019043
3573 9.782371520996094
4160 9.753266334533691
3590 9.745720863342285
4149 9.741272926330566
487 9.692421913146973
4003 9.682297706604004
498 9.676385879516602
4154 9.665657043457031
2452 9.651920318603516
483 9.645804405212402
2477 9.61595344543457
500 9.610398292541504
507 9.606354713439941
4958 9.602372169494629
1242 9.593474388122559
4193 9.587993621826172
4155 9.574426651000977
1230 9.571171760559082
1235 9.5563325881958
4446 9.550700187683105
2476 9.545589447021484
2067 9.537493705749512
4146 9.529007911682129
4138 9.519099235534668
3827 9.486721992492676
613 9.482853889465332
1719 9.482110977172852
504 9.470787048339844
4173 9.456326484680176
1252 9.455952644348145
4172 9.436180114746094
2828 9.42537784576416
4089 9.402080535888672
4182 9.38818645477295
4141 9.380058288574219
2061 9.358266830444336
2877 9.356426239013672
2055 9.351165771484375
4142 9.350085258483887
2465 9.3361234664917
4034 9.334689140319824
443 9.334090232849121
3732 9.330242156982422
4158 9.327008247375488
1257 9.295703887939453
4455 9.283156394958496
2754 9.281698226928711
2468 9.268319129943848
1246 9.238966941833496
2217 9.237449645996094
623 9.235421180725098
2470 9.228118896484375
485 9.222662925720215
2474 9.212369918823242
1653 9.198266983032227
2027 9.196273803710938
5873 9.194267272949219
5539 9.179052352905273
1693 9.166653633117676
22 9.144659042358398
1656 9.139795303344727
