1294 10.505617141723633
4166 10.30237102508545
4186 10.299099922180176
4157 10.221278190612793
1237 10.211573600769043
5717 10.151152610778809
5622 9.999457359313965
4145 9.976103782653809
4148 9.972002983093262
4154 9.940691947937012
674 9.937475204467773
489 9.901989936828613
1252 9.894574165344238
1293 9.880972862243652
482 9.848175048828125
2052 9.846762657165527
4185 9.793044090270996
492 9.779685974121094
3576 9.76548957824707
2974 9.76053237915039
4159 9.756969451904297
2468 9.703984260559082
1254 9.702275276184082
2057 9.702221870422363
936 9.692824363708496
480 9.686799049377441
1313 9.683987617492676
174 9.645816802978516
505 9.637850761413574
4183 9.635575294494629
5947 9.627331733703613
1235 9.62268352508545
697 9.617986679077148
483 9.594225883483887
2471 9.587750434875488
2462 9.582433700561523
4176 9.572507858276367
501 9.571440696716309
5632 9.567291259765625
506 9.552973747253418
4463 9.552231788635254
1256 9.535005569458008
3264 9.531449317932129
1307 9.5252046585083
1047 9.514298439025879
2483 9.500811576843262
4446 9.495725631713867
2480 9.473038673400879
499 9.467392921447754
4179 9.462874412536621
485 9.461709022521973
5353 9.454829216003418
487 9.45466423034668
4170 9.442015647888184
1230 9.438311576843262
4155 9.436037063598633
4164 9.424542427062988
1239 9.423113822937012
271 9.420281410217285
2825 9.412093162536621
2065 9.411786079406738
4158 9.407954216003418
703 9.388667106628418
291 9.38513469696045
4178 9.3799467086792
4167 9.376470565795898
1022 9.364356994628906
484 9.363431930541992
1653 9.359248161315918
1673 9.33275032043457
5163 9.311583518981934
2047 9.302777290344238
488 9.299263954162598
496 9.297207832336426
4138 9.293801307678223
1243 9.289000511169434
4139 9.286230087280273
1244 9.249272346496582
4142 9.24299430847168
509 9.23709774017334
4151 9.235085487365723
2880 9.23118782043457
4149 9.230868339538574
2476 9.211791038513184
1694 9.208619117736816
4194 9.201029777526855
2460 9.1970796585083
3259 9.185650825500488
1690 9.184836387634277
584 9.180107116699219
2389 9.174392700195312
1079 9.15897274017334
2061 9.153654098510742
4191 9.142535209655762
504 9.13192367553711
5715 9.12739086151123
1029 9.126588821411133
2003 9.119348526000977
304 9.110279083251953
4163 9.1000337600708
