5632 10.429393768310547
4446 10.350773811340332
4140 10.344351768493652
4157 10.187822341918945
489 10.085661888122559
495 10.080636978149414
4186 10.077259063720703
4138 10.033623695373535
4194 10.002470016479492
505 9.975666999816895
2481 9.966656684875488
1294 9.966158866882324
4158 9.9576997756958
513 9.933135986328125
4195 9.927286148071289
486 9.91103458404541
4166 9.90710163116455
4147 9.87913703918457
1693 9.828042984008789
4455 9.764710426330566
5700 9.736757278442383
3576 9.71782398223877
491 9.71087646484375
2462 9.710394859313965
498 9.708697319030762
5633 9.65454387664795
2477 9.643896102905273
497 9.637361526489258
4137 9.629396438598633
506 9.613907814025879
4438 9.612541198730469
482 9.598670959472656
492 9.594429969787598
4148 9.593899726867676
499 9.58178424835205
4170 9.577917098999023
420 9.575648307800293
4301 9.550288200378418
2488 9.546195030212402
4185 9.536513328552246
4167 9.5300931930542
4224 9.519314765930176
4164 9.48023796081543
455 9.446189880371094
4181 9.42152214050293
487 9.399910926818848
4178 9.389447212219238
4143 9.349698066711426
1732 9.327120780944824
2043 9.32463264465332
4165 9.322896957397461
1636 9.311575889587402
484 9.302148818969727
2465 9.297466278076172
485 9.288841247558594
4260 9.280723571777344
1722 9.2766695022583
4191 9.272621154785156
271 9.26338005065918
1230 9.259604454040527
2022 9.243593215942383
490 9.237302780151367
2068 9.1866455078125
2889 9.184478759765625
5717 9.167804718017578
488 9.162101745605469
5724 9.151926040649414
3513 9.1437406539917
4154 9.108582496643066
1047 9.105262756347656
3572 9.09630012512207
3859 9.083080291748047
1076 9.060579299926758
496 9.050134658813477
3573 9.045148849487305
500 9.043120384216309
504 9.034529685974121
458 9.02590274810791
2483 9.01205062866211
5707 9.009981155395508
2061 9.005410194396973
1239 8.998063087463379
5880 8.97058391571045
483 8.96718692779541
4196 8.965802192687988
4139 8.962563514709473
5547 8.959922790527344
5366 8.940878868103027
4454 8.938456535339355
2065 8.936832427978516
1254 8.93376636505127
4146 8.928532600402832
4297 8.912520408630371
2877 8.910294532775879
229 8.903810501098633
1653 8.895783424377441
970 8.895333290100098
1665 8.883713722229004
2 8.870649337768555
5289 8.85693073272705
