484 10.365202903747559
2061 10.323689460754395
506 10.297136306762695
505 10.166982650756836
2041 10.050392150878906
1665 9.992202758789062
1693 9.97147274017334
5563 9.966080665588379
2057 9.885052680969238
613 9.869854927062988
3853 9.847879409790039
2052 9.846673965454102
5717 9.839024543762207
1399 9.827226638793945
5769 9.77709674835205
4261 9.768675804138184
2472 9.766644477844238
1684 9.763875961303711
496 9.761944770812988
4176 9.76072883605957
4170 9.689711570739746
1242 9.670326232910156
3006 9.670271873474121
2065 9.618000984191895
4297 9.615254402160645
970 9.613035202026367
4260 9.602020263671875
4215 9.594464302062988
1704 9.587494850158691
489 9.559703826904297
3827 9.552059173583984
4186 9.513151168823242
5542 9.503925323486328
4202 9.499001502990723
4167 9.482473373413086
2480 9.476234436035156
4258 9.474580764770508
4214 9.466509819030762
2353 9.454197883605957
4178 9.422344207763672
1692 9.39363956451416
620 9.37520980834961
611 9.365229606628418
1047 9.345515251159668
4248 9.338833808898926
5696 9.338691711425781
3573 9.334709167480469
2391 9.315657615661621
2466 9.311893463134766
488 9.306928634643555
2477 9.305774688720703
4137 9.301058769226074
2470 9.293798446655273
2209 9.288966178894043
2471 9.274703979492188
4932 9.240933418273926
1163 9.231880187988281
2385 9.221378326416016
1070 9.204282760620117
3576 9.172462463378906
4185 9.16944408416748
4194 9.165106773376465
4157 9.149860382080078
482 9.147068977355957
627 9.126955032348633
1694 9.126579284667969
2054 9.125972747802734
4279 9.115313529968262
1690 9.052111625671387
4165 9.045806884765625
4139 9.042776107788086
3174 9.039887428283691
3574 9.03840160369873
2453 9.033506393432617
1656 9.030012130737305
4166 8.997509956359863
4182 8.997355461120605
4724 8.997215270996094
5823 8.980170249938965
4201 8.972735404968262
2043 8.96410083770752
2789 8.960775375366211
3007 8.951077461242676
2291 8.940823554992676
4302 8.859920501708984
1256 8.843766212463379
4446 8.828451156616211
5632 8.812896728515625
4140 8.806008338928223
4191 8.796749114990234
1650 8.79480266571045
5651 8.793463706970215
4145 8.783207893371582
1035 8.773929595947266
4256 8.766898155212402
499 8.760574340820312
2482 8.747739791870117
3383 8.741294860839844
3838 8.74046516418457
612 8.737900733947754
