5684 9.185174942016602
227 8.963778495788574
5411 8.79194164276123
3257 8.733664512634277
637 8.69180679321289
3813 8.13298511505127
925 8.126007080078125
3686 8.058311462402344
3281 8.057279586791992
2722 7.973715782165527
515 7.9625372886657715
3001 7.925297260284424
5278 7.845544815063477
5772 7.7923383712768555
879 7.786932945251465
4336 7.738363265991211
2151 7.679769515991211
748 7.652099132537842
458 7.600377559661865
71 7.575018405914307
3441 7.5735907554626465
5760 7.56417179107666
3245 7.515415191650391
4236 7.511344909667969
2063 7.504136085510254
3143 7.500899314880371
4550 7.4964070320129395
2055 7.484686851501465
2147 7.480882167816162
1070 7.438120365142822
4089 7.3848443031311035
3599 7.369084358215332
2105 7.356430530548096
1445 7.333207130432129
1926 7.3317646980285645
4444 7.328109264373779
1821 7.305771827697754
2923 7.304018974304199
3224 7.294640064239502
3973 7.293251037597656
4051 7.285638809204102
2759 7.273382663726807
5054 7.256617546081543
4958 7.253774166107178
4374 7.244617462158203
2144 7.220548152923584
2855 7.213621616363525
3256 7.192477226257324
1323 7.191009998321533
3680 7.1856303215026855
2027 7.174117565155029
3183 7.166574001312256
2131 7.144992351531982
262 7.142319202423096
5266 7.137696266174316
2449 7.127638339996338
337 7.117633819580078
3753 7.099992275238037
1100 7.0973005294799805
173 7.087879180908203
3127 7.08433723449707
5545 7.081768035888672
977 7.063392162322998
2041 7.044203281402588
4967 7.042267322540283
2821 7.028241157531738
2453 7.022960662841797
3662 7.02271032333374
4885 6.994961261749268
3754 6.987685203552246
2754 6.983175754547119
3007 6.976650714874268
2052 6.972805976867676
2039 6.972653388977051
2319 6.971286296844482
3282 6.963185787200928
2114 6.957467555999756
4096 6.955941200256348
633 6.954440593719482
5313 6.947824001312256
4129 6.947409152984619
2639 6.93696403503418
2111 6.936954975128174
4951 6.932957172393799
4752 6.924543857574463
3664 6.92128324508667
674 6.908939838409424
878 6.906276226043701
5026 6.895165920257568
4340 6.887750625610352
3359 6.887094497680664
403 6.882338047027588
2424 6.880799770355225
2074 6.880706787109375
4488 6.867539405822754
2057 6.856777667999268
1343 6.856367588043213
3576 6.85234260559082
4463 6.833810329437256
3840 6.827943325042725
