45 9.450915336608887
1882 9.395801544189453
2115 9.369906425476074
2151 9.10423755645752
174 9.076398849487305
3174 9.020615577697754
2656 8.784537315368652
1970 8.739392280578613
5310 8.69221305847168
3374 8.636224746704102
939 8.631501197814941
2147 8.564976692199707
3160 8.543316841125488
2552 8.482416152954102
2983 8.478453636169434
3012 8.45502758026123
3361 8.426616668701172
913 8.423283576965332
1821 8.366496086120605
1865 8.362793922424316
52 8.350245475769043
202 8.33725643157959
2057 8.329551696777344
2225 8.327112197875977
4286 8.323525428771973
5545 8.319929122924805
1163 8.310096740722656
982 8.298839569091797
4394 8.297369956970215
35 8.293510437011719
4324 8.270072937011719
227 8.2262601852417
4364 8.215791702270508
1856 8.210427284240723
4789 8.174979209899902
2319 8.142382621765137
206 8.127863883972168
4973 8.097222328186035
972 8.094675064086914
4795 8.079500198364258
3014 8.078804969787598
166 8.072083473205566
4034 8.06377124786377
3333 8.015812873840332
1888 8.014701843261719
1756 8.002349853515625
41 7.993982791900635
909 7.9871416091918945
4521 7.978817939758301
2998 7.976254940032959
2362 7.970089435577393
170 7.968885898590088
4221 7.956418514251709
1769 7.953136444091797
3463 7.9430646896362305
3273 7.936704158782959
934 7.929741859436035
2415 7.925702095031738
5325 7.924812316894531
47 7.908560752868652
2788 7.901559352874756
2055 7.887598991394043
4337 7.886351108551025
611 7.8769941329956055
3324 7.875427722930908
4040 7.872448444366455
2779 7.871224880218506
904 7.867782115936279
3683 7.866443634033203
3751 7.864015102386475
5919 7.863973140716553
1704 7.861680030822754
553 7.856245994567871
2709 7.847214698791504
3318 7.841729640960693
3303 7.83463716506958
2816 7.833705902099609
1846 7.8235273361206055
2259 7.821788787841797
3158 7.817070960998535
3355 7.7950520515441895
4791 7.788909435272217
4023 7.784151077270508
4898 7.774168491363525
3899 7.773031711578369
2067 7.761257648468018
1329 7.75781774520874
2722 7.754368782043457
4297 7.746267318725586
1960 7.744902610778809
3328 7.741319179534912
2385 7.735543251037598
4583 7.733851432800293
3444 7.727691650390625
3349 7.726682186126709
2493 7.724432468414307
2254 7.720854759216309
1929 7.719941139221191
3788 7.719351291656494
180 7.7156267166137695
