4221 10.56224536895752
4336 10.420759201049805
1959 10.04546070098877
1821 9.895682334899902
4198 9.86902904510498
1937 9.666960716247559
4237 9.543248176574707
1856 9.522486686706543
2453 9.331890106201172
1882 9.321802139282227
4297 9.279455184936523
4340 9.25072193145752
4331 9.232904434204102
4204 9.207490921020508
4283 9.175056457519531
4396 9.146126747131348
4202 9.132743835449219
4354 9.0851469039917
4337 9.052210807800293
4215 9.034537315368652
4344 9.002046585083008
4219 8.953658103942871
4306 8.910252571105957
4236 8.90296745300293
1848 8.866907119750977
4214 8.845929145812988
1894 8.752090454101562
3024 8.74449348449707
4302 8.70571517944336
4291 8.678342819213867
2067 8.668830871582031
52 8.626408576965332
1875 8.57961368560791
1346 8.562996864318848
4248 8.539387702941895
1925 8.512382507324219
4405 8.5018949508667
4400 8.481637954711914
1910 8.475876808166504
4374 8.466117858886719
2105 8.460752487182617
4304 8.454216003417969
2109 8.434126853942871
3001 8.41556453704834
1881 8.40798568725586
1884 8.349159240722656
43 8.341806411743164
2039 8.336784362792969
4034 8.320687294006348
2639 8.318475723266602
4366 8.313997268676758
2043 8.29378890991211
4342 8.281977653503418
4269 8.250946998596191
2042 8.237545013427734
4346 8.225168228149414
4262 8.223982810974121
1795 8.218595504760742
4259 8.210318565368652
4329 8.199591636657715
4301 8.178793907165527
4348 8.157735824584961
4235 8.144994735717773
1926 8.142333030700684
4352 8.139784812927246
4299 8.124835014343262
41 8.123519897460938
4089 8.093888282775879
2210 8.089690208435059
4319 8.070716857910156
4355 8.040545463562012
2126 8.035882949829102
4258 8.030033111572266
4382 8.00393295288086
3007 8.00065803527832
2492 7.986211776733398
3015 7.982507228851318
4358 7.980626583099365
1741 7.963409900665283
3002 7.94824743270874
2057 7.9322509765625
45 7.930076599121094
4284 7.928516864776611
2140 7.922604084014893
3014 7.915567874908447
4205 7.889164447784424
1832 7.879258155822754
5833 7.879253387451172
4039 7.865828514099121
1847 7.859236240386963
4209 7.85809326171875
4242 7.857804298400879
4272 7.853388786315918
4362 7.8533172607421875
2156 7.842923641204834
4371 7.831107139587402
4392 7.826868534088135
1765 7.820581436157227
1964 7.811800003051758
1880 7.803929328918457
