1882 10.384424209594727
4302 9.808343887329102
1964 9.697921752929688
4034 9.340435981750488
1856 9.267976760864258
1959 9.091766357421875
46 8.864917755126953
1765 8.856315612792969
4344 8.7817964553833
4221 8.67760944366455
4396 8.672070503234863
1217 8.648415565490723
4304 8.543232917785645
1195 8.51528263092041
1884 8.418252944946289
1937 8.369635581970215
2115 8.362176895141602
3015 8.308427810668945
1756 8.294540405273438
2067 8.282918930053711
4198 8.230286598205566
2055 8.189374923706055
4324 8.161674499511719
4358 8.14603328704834
4336 8.119349479675293
4215 8.08449935913086
4371 8.082547187805176
4353 8.082162857055664
1821 8.073156356811523
1956 8.036246299743652
45 8.035101890563965
54 8.011831283569336
2011 8.005971908569336
4204 7.991142749786377
2983 7.9835710525512695
43 7.976569175720215
5504 7.966882228851318
4214 7.966555118560791
4259 7.960904598236084
5289 7.921563625335693
1889 7.9095940589904785
2722 7.885676860809326
44 7.849062442779541
4297 7.842160701751709
4248 7.829745292663574
1832 7.827274322509766
4316 7.797868728637695
1155 7.7847819328308105
4506 7.783340930938721
1214 7.739673614501953
2106 7.722941875457764
3348 7.713213920593262
4337 7.707599639892578
3012 7.696849822998047
4331 7.691589832305908
1925 7.666346073150635
1865 7.665360450744629
2030 7.6631293296813965
521 7.657276630401611
2167 7.645695686340332
2057 7.612660884857178
2656 7.61163330078125
2151 7.595566272735596
2156 7.569821834564209
4277 7.568360805511475
3295 7.561915397644043
4348 7.544784069061279
4274 7.504052639007568
3309 7.4972825050354
4206 7.473827838897705
2158 7.466214656829834
4583 7.460346698760986
3332 7.459970951080322
5183 7.452732563018799
4283 7.430741310119629
1875 7.430442810058594
2039 7.428944110870361
2339 7.42722749710083
4306 7.42680549621582
2063 7.4148969650268555
4789 7.407411575317383
4272 7.405646800994873
1847 7.399957180023193
2042 7.399456977844238
4066 7.390393257141113
2052 7.37847375869751
4219 7.377693176269531
2041 7.375386714935303
904 7.371741771697998
1346 7.365847110748291
1870 7.360417366027832
5350 7.360336780548096
1795 7.3518877029418945
4752 7.3379058837890625
552 7.321258544921875
3324 7.303116321563721
4032 7.295517444610596
1894 7.2806477546691895
1938 7.279123306274414
1880 7.268526554107666
