2821 10.619478225708008
5283 10.437434196472168
5275 10.322093963623047
3257 10.196611404418945
5372 10.138083457946777
2822 10.120115280151367
5003 10.092384338378906
2923 10.076502799987793
4988 10.071428298950195
5260 10.070281028747559
1640 9.975953102111816
1638 9.968429565429688
2618 9.955118179321289
3813 9.95371150970459
4881 9.899946212768555
2246 9.879242897033691
5442 9.87249755859375
5000 9.870906829833984
4986 9.870810508728027
5433 9.857898712158203
5024 9.801377296447754
5266 9.79135513305664
2859 9.78881549835205
4837 9.770620346069336
2513 9.732539176940918
2925 9.724886894226074
1384 9.721378326416016
2827 9.68791675567627
2065 9.679080963134766
5279 9.670347213745117
5245 9.66325569152832
2866 9.614484786987305
4958 9.607565879821777
4560 9.601901054382324
5083 9.590048789978027
2855 9.588479042053223
2722 9.584787368774414
5089 9.577481269836426
515 9.547625541687012
2830 9.527534484863281
593 9.474296569824219
4875 9.470743179321289
2042 9.463722229003906
4989 9.46119499206543
2857 9.45914077758789
5435 9.438216209411621
582 9.436910629272461
2294 9.436341285705566
5431 9.415358543395996
2883 9.411633491516113
3250 9.407350540161133
1636 9.399569511413574
1629 9.388874053955078
2845 9.38546085357666
5374 9.384125709533691
5430 9.383430480957031
5562 9.373749732971191
5436 9.366559982299805
4994 9.366194725036621
5268 9.361173629760742
5223 9.355201721191406
5445 9.350360870361328
5020 9.34441089630127
2111 9.33933162689209
2872 9.337547302246094
2631 9.332647323608398
482 9.331707000732422
3263 9.320371627807617
458 9.315319061279297
4838 9.31480884552002
1633 9.293370246887207
5092 9.292269706726074
2290 9.289517402648926
2043 9.288115501403809
5253 9.275390625
1142 9.271241188049316
2842 9.259452819824219
2304 9.25788402557373
5141 9.254889488220215
5151 9.2512788772583
5368 9.250956535339355
2832 9.243426322937012
5069 9.228970527648926
1130 9.228018760681152
4563 9.223931312561035
589 9.223624229431152
5001 9.217630386352539
576 9.217204093933105
1620 9.210577011108398
5393 9.206548690795898
5246 9.199028015136719
331 9.196558952331543
4610 9.194170951843262
5154 9.19139289855957
2613 9.1752347946167
591 9.17109203338623
5303 9.157719612121582
579 9.15621280670166
4667 9.153434753417969
4564 9.146164894104004
