1451 0.3558173179626465
253 0.349359393119812
107 0.3438333570957184
30676 0.3413141369819641
31354 0.34124499559402466
30782 0.34044149518013
91 0.3390401005744934
854 0.33806756138801575
30113 0.33800840377807617
840 0.3378254175186157
33033 0.3374645411968231
797 0.337180495262146
761 0.3368183970451355
30105 0.3366858959197998
294 0.33547869324684143
790 0.3351011872291565
30752 0.3350928723812103
892 0.3349979519844055
30220 0.3349384069442749
32940 0.33484014868736267
3184 0.33472615480422974
1316 0.33406922221183777
791 0.3326559364795685
31198 0.3326268792152405
31197 0.33260393142700195
32919 0.3324425518512726
33029 0.33240896463394165
880 0.3323209285736084
33840 0.3323100507259369
4248 0.332252562046051
30754 0.33208584785461426
30206 0.3320600092411041
30301 0.3319958746433258
31978 0.3317338526248932
33034 0.33173295855522156
30199 0.33173269033432007
387 0.3316918611526489
30108 0.3312608301639557
763 0.33107390999794006
779 0.3310144543647766
862 0.33098912239074707
30701 0.33018743991851807
30227 0.3301561176776886
3196 0.33004114031791687
753 0.3298659920692444
1298 0.32952141761779785
30673 0.3289964199066162
31190 0.32886481285095215
30769 0.3287457823753357
30655 0.3285297751426697
276 0.3282232880592346
112 0.32811909914016724
32914 0.32811063528060913
104 0.32795676589012146
3199 0.32782503962516785
4088 0.3277985155582428
34073 0.32769492268562317
30789 0.32751014828681946
3257 0.32726478576660156
30210 0.3272230625152588
30795 0.3272170424461365
4232 0.32719311118125916
874 0.32718372344970703
30323 0.3270358443260193
30104 0.3268381357192993
30319 0.3266393840312958
1724 0.32646164298057556
33069 0.32646113634109497
850 0.32644179463386536
699 0.32642894983291626
1312 0.326373428106308
807 0.3262314796447754
1446 0.3259195387363434
30096 0.32589733600616455
30773 0.3258456289768219
1304 0.32559826970100403
31195 0.3255912959575653
3195 0.32551950216293335
295 0.325517475605011
34074 0.3252311944961548
106 0.3251466155052185
30758 0.32499197125434875
241 0.324989378452301
30115 0.32495808601379395
785 0.3249088525772095
256 0.3247371315956116
2563 0.3246709704399109
1306 0.3245827555656433
873 0.32452163100242615
30656 0.32440805435180664
30226 0.3242608904838562
4244 0.32416319847106934
1314 0.3239835798740387
30711 0.3239738643169403
30099 0.3239724338054657
860 0.32392725348472595
33103 0.32367923855781555
30678 0.3235277235507965
30743 0.3235127627849579
30762 0.3234601616859436
