30364 0.35783010721206665
402 0.3567524552345276
32080 0.35611218214035034
30377 0.3545788526535034
391 0.35423994064331055
30382 0.35367822647094727
1606 0.3516901433467865
30369 0.35163843631744385
394 0.35037311911582947
32074 0.3484666049480438
429 0.3484005331993103
4108 0.3483317196369171
32039 0.3478583097457886
32081 0.3477916121482849
30355 0.34769362211227417
33947 0.3475991189479828
1610 0.3472508490085602
31485 0.34710487723350525
31502 0.34655776619911194
30359 0.34626924991607666
400 0.34554535150527954
442 0.3448953926563263
2177 0.3433659076690674
408 0.3431750535964966
30350 0.3431726396083832
32065 0.3429153561592102
2163 0.34286725521087646
33952 0.3427930176258087
427 0.34278810024261475
32038 0.34263548254966736
1616 0.3422895669937134
31494 0.34224939346313477
2272 0.34204739332199097
4890 0.3417578339576721
2206 0.3416192829608917
440 0.34138697385787964
1595 0.34129396080970764
4124 0.34099942445755005
31489 0.3409683108329773
31498 0.34088581800460815
32122 0.3408375382423401
32082 0.3405084013938904
1600 0.34043216705322266
417 0.33997780084609985
30385 0.3399644196033478
31491 0.3399130403995514
32078 0.3396810293197632
33840 0.33966943621635437
2179 0.3395330607891083
34712 0.33932259678840637
33963 0.3392696678638458
4109 0.33898699283599854
30351 0.3388550281524658
32669 0.3388381898403168
31493 0.3385041356086731
30374 0.33848699927330017
32066 0.3382623791694641
396 0.33803772926330566
4904 0.3377489745616913
31497 0.33773326873779297
1617 0.3377302885055542
33966 0.3375816345214844
2160 0.3374490737915039
31480 0.33744120597839355
3998 0.33743816614151
2194 0.3373553156852722
2162 0.3373391926288605
269 0.3369879722595215
31492 0.3369497060775757
30337 0.3366968631744385
32062 0.33658045530319214
2183 0.33649879693984985
4114 0.33635446429252625
1615 0.3362928330898285
31508 0.3362428843975067
31503 0.33590662479400635
30330 0.33564621210098267
32659 0.33560121059417725
33831 0.33548876643180847
2217 0.3354797065258026
31483 0.335429847240448
4784 0.33521655201911926
32075 0.33519214391708374
34724 0.33514460921287537
30372 0.33509376645088196
33893 0.3349772095680237
33953 0.3348798155784607
2197 0.3347623944282532
1594 0.3346988558769226
34706 0.3346944749355316
786 0.3346633315086365
4892 0.33462196588516235
2361 0.33452343940734863
33964 0.3344424366950989
4120 0.3344392478466034
438 0.3343172073364258
449 0.33420151472091675
1599 0.334155797958374
4135 0.3339824080467224
30370 0.3337996304035187
