30436 0.33302372694015503
30210 0.3273138701915741
4232 0.327031672000885
1453 0.32504478096961975
269 0.3244476020336151
2813 0.3244401216506958
657 0.3239518702030182
391 0.32377368211746216
1688 0.3235015571117401
32659 0.32296234369277954
273 0.32272112369537354
2935 0.3225846588611603
253 0.322196364402771
1446 0.32210007309913635
375 0.3219640552997589
785 0.3218063414096832
1397 0.321373850107193
31291 0.321341335773468
30382 0.3212204575538635
30653 0.3210974633693695
32769 0.3210904002189636
797 0.32107457518577576
3812 0.3209487795829773
32122 0.320762574672699
2918 0.32067835330963135
240 0.32047733664512634
2811 0.32041695713996887
33831 0.3203188478946686
845 0.3202562630176544
1636 0.3201135993003845
2823 0.32007989287376404
31485 0.320061594247818
33686 0.32003945112228394
5842 0.3198942542076111
2361 0.31981661915779114
2305 0.31979116797447205
31342 0.3195497393608093
5054 0.3194824755191803
1145 0.3194548487663269
4892 0.3193715810775757
34605 0.3193404972553253
4787 0.31929391622543335
4831 0.3191984295845032
1134 0.3190774917602539
3267 0.3190729022026062
2378 0.3190438151359558
32904 0.31903305649757385
32482 0.3189563751220703
34902 0.31893470883369446
5109 0.3187601566314697
241 0.3187548518180847
1704 0.3187295198440552
34367 0.31866055727005005
30211 0.31863778829574585
35053 0.3186292350292206
34955 0.31854042410850525
32750 0.318405419588089
32685 0.3181842565536499
4848 0.3181256949901581
3929 0.3181217312812805
34608 0.31791985034942627
5245 0.3179169297218323
588 0.31787171959877014
4108 0.3177105188369751
601 0.3176408112049103
3662 0.3176274597644806
790 0.3175352215766907
3184 0.3174307942390442
2220 0.31740596890449524
34610 0.3173041045665741
32331 0.3172740638256073
2892 0.3172466456890106
245 0.31723618507385254
30212 0.31717413663864136
4823 0.3171243667602539
2232 0.3171164393424988
30220 0.31711214780807495
295 0.31702208518981934
402 0.31692391633987427
4989 0.3168860971927643
1235 0.31686750054359436
30782 0.31683385372161865
3040 0.3167971670627594
32919 0.31670957803726196
30217 0.31668341159820557
4155 0.3166441023349762
30311 0.3166425824165344
2246 0.3166240453720093
4135 0.3166137933731079
2862 0.31655511260032654
34597 0.3164273202419281
276 0.3163348138332367
30467 0.31626656651496887
30699 0.31626126170158386
4851 0.3162045478820801
2241 0.31609827280044556
32794 0.3160632848739624
5084 0.31596359610557556
394 0.3158925771713257
3314 0.31580930948257446
