513 0.3473065495491028
511 0.33860501646995544
2231 0.3358258605003357
2581 0.33198994398117065
2233 0.33072489500045776
31973 0.33035358786582947
2239 0.3299548029899597
514 0.3298322260379791
35059 0.32911431789398193
31902 0.3260127007961273
34989 0.32581934332847595
2241 0.3256857991218567
34902 0.3254814147949219
4847 0.3252044916152954
4088 0.3246828615665436
524 0.32455334067344666
2248 0.3241768181324005
30636 0.32405179738998413
32106 0.32383882999420166
30451 0.3237420320510864
2225 0.3237040042877197
517 0.32348546385765076
34374 0.32336336374282837
4556 0.3231625556945801
30989 0.323112815618515
31965 0.3230952024459839
4583 0.3222481310367584
2245 0.3219093680381775
32117 0.3218415081501007
34954 0.32159149646759033
32104 0.3215518295764923
2220 0.32098475098609924
2092 0.32096773386001587
30448 0.3208468556404114
515 0.3206820487976074
1282 0.32054591178894043
34891 0.3204873204231262
4938 0.3201140761375427
1271 0.3200248181819916
4613 0.31964316964149475
35155 0.3196137845516205
2094 0.319261372089386
34416 0.3191699683666229
2378 0.31908872723579407
2587 0.319040447473526
35053 0.3189822733402252
5340 0.31869634985923767
526 0.3186424970626831
539 0.3185619115829468
34980 0.318505197763443
32122 0.3184373080730438
34406 0.31840866804122925
1162 0.3184076249599457
537 0.3184046745300293
34356 0.31833910942077637
30628 0.31818506121635437
2080 0.3181726336479187
33843 0.3181157410144806
31912 0.3179379999637604
30454 0.3178752660751343
4598 0.3177262246608734
31949 0.3176283538341522
31889 0.3176030218601227
5418 0.3175901174545288
5319 0.3173612654209137
5142 0.31733134388923645
34339 0.3172799050807953
4629 0.31699782609939575
34977 0.31685855984687805
32919 0.3167564570903778
525 0.31662094593048096
521 0.31641554832458496
35056 0.3163345754146576
31877 0.31623759865760803
34408 0.31608811020851135
35211 0.3160035014152527
2026 0.31594109535217285
31155 0.3157513439655304
5433 0.3156273663043976
30396 0.31548914313316345
31161 0.3154618442058563
4551 0.3151637315750122
4427 0.3150196969509125
34909 0.3150143325328827
4596 0.31488263607025146
30637 0.3148578703403473
4599 0.3148515522480011
30996 0.31479519605636597
31045 0.3147902488708496
30974 0.314698725938797
522 0.31468456983566284
3993 0.3145830035209656
32811 0.31456950306892395
35073 0.3145022392272949
33950 0.31449079513549805
31041 0.31447550654411316
5344 0.31422698497772217
1272 0.3139844238758087
1270 0.31397032737731934
31950 0.3137408196926117
