4314 0.331463485956192
2473 0.3205921947956085
32331 0.3193749785423279
31657 0.31803858280181885
2432 0.3179689645767212
31113 0.31794148683547974
4270 0.31720855832099915
31182 0.3165861964225769
2339 0.31642264127731323
3827 0.3159935176372528
6 0.3159724771976471
3357 0.3156898319721222
1316 0.31511449813842773
2508 0.31219547986984253
33950 0.3121279180049896
256 0.31196659803390503
31821 0.3118508458137512
32275 0.31161394715309143
4484 0.31116679310798645
33863 0.3110300898551941
3412 0.3108658492565155
5624 0.3107031583786011
1303 0.31069502234458923
32326 0.3104292154312134
2459 0.309995174407959
32203 0.3095659613609314
1966 0.30934903025627136
2621 0.30922791361808777
32837 0.3090113401412964
1217 0.3087855875492096
31733 0.30868613719940186
2447 0.3083047866821289
3270 0.3082388639450073
4242 0.308218777179718
2353 0.30818450450897217
4066 0.3074479103088379
1785 0.3072604537010193
4322 0.3070482015609741
31354 0.30698275566101074
32284 0.30696868896484375
3307 0.30687612295150757
35074 0.30679720640182495
2406 0.30672165751457214
2404 0.30662399530410767
32570 0.3066149652004242
1954 0.30660244822502136
32306 0.3063809871673584
1214 0.30629658699035645
2486 0.3062492609024048
2351 0.30622249841690063
5713 0.3060262203216553
34224 0.30601730942726135
31990 0.305984765291214
34049 0.30591484904289246
32309 0.30573853850364685
2357 0.30554285645484924
33167 0.30516743659973145
3112 0.3046584725379944
32281 0.30454015731811523
2365 0.30406835675239563
31672 0.3040403127670288
31639 0.3036583662033081
32272 0.3035633862018585
32858 0.30343860387802124
713 0.30338650941848755
33026 0.30333423614501953
35105 0.3032453954219818
32953 0.3031316101551056
34226 0.3030657172203064
1918 0.30304163694381714
35494 0.3029966652393341
32165 0.30296534299850464
32303 0.3029618561267853
2626 0.3029244840145111
32853 0.30291563272476196
31842 0.3028097152709961
2349 0.3026561737060547
2105 0.30262741446495056
2516 0.3026203513145447
2291 0.30258336663246155
34086 0.30246835947036743
32339 0.3024076819419861
33624 0.3023947477340698
1917 0.30192455649375916
5866 0.30191653966903687
2620 0.30171170830726624
2378 0.30169034004211426
33155 0.30162978172302246
4402 0.3015657365322113
5799 0.3015349805355072
1927 0.3014187812805176
3347 0.30136096477508545
3662 0.30135577917099
1891 0.30127790570259094
31338 0.30111241340637207
2981 0.30106523633003235
31694 0.3009800910949707
33059 0.30084988474845886
31097 0.3008422255516052
1195 0.30079185962677
