477 0.33801785111427307
31949 0.3375890851020813
30390 0.3315284848213196
458 0.329488605260849
453 0.32889920473098755
30410 0.32719874382019043
31897 0.32600298523902893
30402 0.3256571292877197
33091 0.32359033823013306
455 0.3233095407485962
459 0.32069140672683716
32098 0.3206593692302704
31965 0.32036659121513367
30387 0.31990912556648254
31950 0.3196454644203186
2093 0.31937968730926514
30436 0.3193061053752899
471 0.3177938461303711
30388 0.317188560962677
31973 0.3166345953941345
479 0.3151794672012329
3993 0.31478649377822876
31967 0.31354403495788574
1986 0.31332001090049744
32331 0.31283438205718994
5433 0.31271690130233765
2092 0.312345027923584
2473 0.31228628754615784
30401 0.3116450905799866
2248 0.31142306327819824
30488 0.31125420331954956
33983 0.3111976385116577
31618 0.31100040674209595
2070 0.3107123374938965
2094 0.3103061318397522
451 0.3094618022441864
2470 0.30869007110595703
31969 0.30812984704971313
32320 0.3077031373977661
3250 0.3070142865180969
2245 0.3066919147968292
31966 0.3066425621509552
32701 0.3062030076980591
2449 0.3061078190803528
31971 0.30576092004776
2051 0.30556195974349976
30220 0.30537718534469604
31894 0.3052707314491272
2231 0.3049018681049347
33840 0.30445361137390137
35211 0.3038218021392822
31960 0.30378398299217224
31492 0.30374374985694885
3257 0.3036353886127472
30412 0.3034805953502655
2065 0.30341339111328125
32119 0.3033032715320587
2233 0.30326971411705017
32343 0.30269113183021545
2241 0.3025282025337219
32757 0.30240118503570557
2029 0.3020884394645691
2081 0.30195870995521545
468 0.3018958866596222
31916 0.3014918863773346
31871 0.30147990584373474
2012 0.30138731002807617
32122 0.30137747526168823
1997 0.301371306180954
31954 0.30132627487182617
33827 0.3012966215610504
513 0.30115389823913574
31583 0.30115166306495667
31141 0.30105340480804443
457 0.30105048418045044
33947 0.30078136920928955
31591 0.30074694752693176
31946 0.3007015585899353
1239 0.30058157444000244
2378 0.3005405068397522
1693 0.30053550004959106
31891 0.300466924905777
2091 0.30041325092315674
30637 0.30032071471214294
2222 0.30031293630599976
5707 0.30026280879974365
33818 0.3001585006713867
30892 0.3000805974006653
1606 0.30003827810287476
4989 0.29995912313461304
31964 0.299857497215271
2581 0.299854576587677
31299 0.299850732088089
4089 0.2998439073562622
2225 0.2998118996620178
4105 0.2996503710746765
30403 0.2996348440647125
4938 0.299432635307312
34865 0.2994251847267151
467 0.2992800176143646
