34031 0.3467121720314026
34140 0.3440523147583008
1884 0.34392717480659485
4206 0.3425000309944153
34077 0.3412752151489258
31779 0.33995604515075684
4382 0.3392060399055481
34148 0.3363252878189087
50 0.33589738607406616
3436 0.33468174934387207
31655 0.33453819155693054
33170 0.33359602093696594
33155 0.3329335153102875
34229 0.33288395404815674
31801 0.3326546549797058
34107 0.3325413465499878
1917 0.33178889751434326
31727 0.33164405822753906
4198 0.3314403295516968
34072 0.33112066984176636
33863 0.33047163486480713
1848 0.3304511308670044
31190 0.33024442195892334
3355 0.33009010553359985
1977 0.3300771713256836
34063 0.3296758532524109
32275 0.32935217022895813
4405 0.328989177942276
2504 0.3288424015045166
4089 0.32883983850479126
32006 0.3285401165485382
1908 0.3284822702407837
1785 0.328411728143692
4336 0.3283097743988037
4200 0.3282751739025116
1856 0.3282409906387329
34128 0.3282390236854553
34218 0.32809194922447205
34034 0.32807737588882446
30033 0.328071653842926
1894 0.32792699337005615
4214 0.32763561606407166
2508 0.32761961221694946
34108 0.3276183009147644
32364 0.3273829221725464
33183 0.3272317945957184
31761 0.3270868957042694
31739 0.3269919157028198
34074 0.32691237330436707
31096 0.3266201317310333
34183 0.32631468772888184
31766 0.32615920901298523
2500 0.32607173919677734
31782 0.3260183036327362
30065 0.3260004222393036
32637 0.32599931955337524
1891 0.3259977102279663
32374 0.3259672224521637
2792 0.3259645700454712
4344 0.325937420129776
1797 0.32587409019470215
34142 0.3256617486476898
4242 0.3254407048225403
33168 0.32508355379104614
4322 0.32500725984573364
4283 0.32495832443237305
35337 0.32492101192474365
32363 0.32475629448890686
1741 0.3245764374732971
31235 0.3243134021759033
34076 0.32420384883880615
31750 0.3241964280605316
1869 0.3241071105003357
34165 0.3239935040473938
32203 0.3237805962562561
2498 0.3237566351890564
1875 0.323700487613678
1924 0.3235054612159729
31799 0.32345837354660034
1298 0.3234129250049591
4400 0.3233925998210907
44 0.32320889830589294
34030 0.3231874108314514
31649 0.32305851578712463
1764 0.3230319619178772
4219 0.32295647263526917
31768 0.32294076681137085
4290 0.32281795144081116
1762 0.3228002190589905
3336 0.3227998614311218
4314 0.3225008249282837
1925 0.3224480450153351
4311 0.3222121000289917
1772 0.3222041130065918
2493 0.321979820728302
4225 0.32196569442749023
34185 0.32190436124801636
31681 0.3218761086463928
1918 0.32186460494995117
33188 0.32165125012397766
