33170 0.3397815227508545
50 0.3363410234451294
33167 0.33601728081703186
33183 0.33518877625465393
32637 0.3344992697238922
2493 0.3337603807449341
33863 0.3331226706504822
2792 0.3327450752258301
33950 0.3318975269794464
3355 0.33160603046417236
32654 0.3314899802207947
31096 0.33117732405662537
1908 0.3309641480445862
3307 0.33073529601097107
33168 0.33072957396507263
1785 0.33069801330566406
31095 0.3300393223762512
30436 0.32997608184814453
31109 0.3296739161014557
2813 0.3289252817630768
4322 0.32858505845069885
4108 0.3284316658973694
1891 0.328396201133728
31113 0.32792535424232483
33150 0.327464759349823
32203 0.3273313641548157
33155 0.32721781730651855
34411 0.3270265460014343
2500 0.32695263624191284
1213 0.32661181688308716
934 0.32649338245391846
31774 0.3264244794845581
33188 0.32581788301467896
2504 0.3254053592681885
3341 0.3253445029258728
2760 0.32530924677848816
33163 0.3252065181732178
32625 0.3249347507953644
33151 0.3248564898967743
34454 0.32475608587265015
2353 0.3247133493423462
1917 0.32439637184143066
3354 0.32439497113227844
33197 0.32437586784362793
31704 0.32436656951904297
1329 0.3241470158100128
2766 0.3239378035068512
2788 0.32388073205947876
32200 0.3233228325843811
31739 0.3232116997241974
4125 0.3225964605808258
31727 0.3225688338279724
2508 0.32256102561950684
4122 0.3225322663784027
1688 0.3221127390861511
1907 0.32182666659355164
1918 0.32166966795921326
1746 0.3216449022293091
3314 0.32162508368492126
33887 0.3216244578361511
31977 0.3215934634208679
31754 0.3214528560638428
32149 0.32121872901916504
34074 0.32098445296287537
2378 0.32085558772087097
34612 0.3208222985267639
1759 0.3208109140396118
3336 0.3207462430000305
33143 0.32068929076194763
34455 0.3206000030040741
2812 0.32059282064437866
33764 0.32055163383483887
31707 0.32049110531806946
4769 0.32023435831069946
33871 0.3202242851257324
33957 0.3200673758983612
2329 0.3200111389160156
1897 0.32001006603240967
1940 0.32000645995140076
31801 0.3199942111968994
31848 0.31995493173599243
1845 0.3198404610157013
1742 0.31961488723754883
34592 0.31956276297569275
35501 0.31946298480033875
2501 0.3193970322608948
4089 0.3191635310649872
2811 0.3190889060497284
31782 0.3190089464187622
33952 0.31891554594039917
2779 0.31891438364982605
31214 0.3188190460205078
34214 0.31870248913764954
1916 0.31869468092918396
32364 0.3186514973640442
34143 0.3186194896697998
1704 0.31858259439468384
31738 0.31847068667411804
2642 0.3184482455253601
1772 0.31838032603263855
