3238 10.055665016174316
802 10.014619827270508
5684 9.980033874511719
3199 9.758344650268555
3185 9.59218978881836
888 9.562548637390137
1469 9.45900821685791
123 9.44448184967041
879 9.365610122680664
3257 9.36441421508789
862 9.301475524902344
764 9.298694610595703
858 9.281449317932129
854 9.250737190246582
3183 9.235060691833496
3203 9.213122367858887
2131 9.20460033416748
3191 9.20261287689209
294 9.174148559570312
3216 9.16800308227539
3231 9.162673950195312
768 9.133604049682617
2147 9.078322410583496
783 9.07007884979248
299 9.014456748962402
898 8.989544868469238
750 8.98350715637207
1465 8.96860408782959
1640 8.954415321350098
755 8.953508377075195
1305 8.939103126525879
280 8.934959411621094
1821 8.86549186706543
1445 8.808517456054688
289 8.798495292663574
714 8.790416717529297
4005 8.787251472473145
1908 8.782489776611328
4076 8.768028259277344
753 8.738716125488281
114 8.720391273498535
859 8.715723991394043
2830 8.70372486114502
754 8.700088500976562
1732 8.6961030960083
2105 8.670756340026855
3195 8.664950370788574
2109 8.624890327453613
382 8.617323875427246
3282 8.594953536987305
3192 8.591954231262207
775 8.57352352142334
81 8.5635347366333
870 8.560542106628418
5545 8.559762001037598
4248 8.559528350830078
245 8.538458824157715
4951 8.534502983093262
282 8.52917194366455
3224 8.514275550842285
4034 8.512944221496582
4236 8.510781288146973
105 8.470353126525879
108 8.45450210571289
674 8.451427459716797
866 8.433710098266602
369 8.428544998168945
279 8.427990913391113
863 8.411115646362305
847 8.405915260314941
865 8.399713516235352
4089 8.377598762512207
337 8.368820190429688
880 8.363737106323242
681 8.359654426574707
767 8.356115341186523
3206 8.350264549255371
4336 8.343499183654785
2151 8.325356483459473
1442 8.295971870422363
93 8.295342445373535
100 8.291522026062012
305 8.283112525939941
96 8.275421142578125
874 8.2730131149292
878 8.270590782165527
1302 8.268736839294434
37 8.267975807189941
293 8.264151573181152
3189 8.256294250488281
174 8.254711151123047
4237 8.254156112670898
748 8.251558303833008
1451 8.245203018188477
2924 8.243799209594727
666 8.230974197387695
71 8.229979515075684
240 8.229649543762207
689 8.214112281799316
890 8.214009284973145
