2194 10.355303764343262
4111 10.185338973999023
2195 10.165417671203613
2488 9.90546989440918
4112 9.881185531616211
1964 9.689172744750977
2209 9.663223266601562
396 9.662161827087402
2188 9.604851722717285
2193 9.59900951385498
2487 9.549789428710938
4108 9.530257225036621
2217 9.521800994873047
2210 9.397320747375488
3998 9.368297576904297
3751 9.339144706726074
4136 9.323470115661621
262 9.314627647399902
4061 9.297581672668457
2182 9.297271728515625
2175 9.27450180053711
446 9.2068452835083
2200 9.152812957763672
403 9.126895904541016
2199 9.060123443603516
411 9.05549430847168
611 9.017461776733398
770 8.974698066711426
2179 8.969746589660645
2226 8.933481216430664
52 8.927633285522461
2165 8.927434921264648
2109 8.922941207885742
405 8.894217491149902
2167 8.862698554992676
1832 8.857956886291504
2027 8.829870223999023
2176 8.800301551818848
2469 8.777261734008789
4898 8.73162841796875
429 8.724483489990234
422 8.710826873779297
3810 8.704052925109863
4118 8.698441505432129
2160 8.686779975891113
1599 8.656120300292969
2361 8.618639945983887
394 8.608100891113281
2202 8.541306495666504
2168 8.540109634399414
436 8.514381408691406
2212 8.511371612548828
4001 8.486693382263184
2169 8.448722839355469
4064 8.445115089416504
674 8.41905689239502
4790 8.414196968078613
408 8.4060640335083
2172 8.403990745544434
665 8.4014310836792
4134 8.383261680603027
395 8.356719970703125
2089 8.348562240600586
4117 8.330361366271973
2486 8.307330131530762
2451 8.305234909057617
1607 8.30333137512207
2162 8.302660942077637
2156 8.210099220275879
2464 8.188594818115234
1610 8.182474136352539
1346 8.165194511413574
407 8.163127899169922
391 8.159116744995117
4331 8.140237808227539
4014 8.134703636169434
1613 8.13183307647705
1898 8.122612953186035
2208 8.120445251464844
4126 8.113774299621582
2580 8.095191955566406
2471 8.088818550109863
4013 8.061934471130371
4387 8.0596284866333
2140 8.051379203796387
2153 8.016510963439941
4769 8.015283584594727
415 8.005293846130371
2219 8.002937316894531
2074 8.000533103942871
2350 7.995604991912842
774 7.973443984985352
2485 7.943222999572754
4909 7.922277927398682
4011 7.919570446014404
2484 7.909001350402832
2583 7.886781692504883
2476 7.881017684936523
2085 7.87202787399292
2170 7.864861011505127
