403 10.550660133361816
2199 10.546277046203613
411 10.33853530883789
2488 10.299511909484863
1600 10.284306526184082
2210 10.268619537353516
2200 10.16769790649414
802 10.124577522277832
396 9.948494911193848
2469 9.943605422973633
1450 9.787824630737305
2074 9.767599105834961
2217 9.759090423583984
4003 9.757161140441895
2193 9.739720344543457
2163 9.686745643615723
4898 9.664083480834961
395 9.64627742767334
2202 9.607329368591309
1613 9.560965538024902
1442 9.504886627197266
3998 9.491332054138184
2471 9.49061393737793
2474 9.479103088378906
2209 9.460711479187012
5286 9.43109130859375
2195 9.429893493652344
2188 9.428608894348145
3184 9.402933120727539
4085 9.367901802062988
3183 9.357843399047852
2168 9.313638687133789
394 9.2723388671875
665 9.26255989074707
2162 9.242878913879395
406 9.236968994140625
2194 9.214518547058105
4002 9.167625427246094
1617 9.132147789001465
4111 9.070444107055664
2476 9.010026931762695
4014 8.98762321472168
4017 8.980162620544434
925 8.974361419677734
770 8.963871955871582
321 8.9596529006958
269 8.945573806762695
2478 8.91165542602539
1607 8.87419319152832
1608 8.86579704284668
774 8.850975036621094
402 8.837139129638672
4061 8.81665325164795
1445 8.807868957519531
442 8.807246208190918
436 8.77241325378418
2182 8.769380569458008
417 8.762945175170898
4016 8.751250267028809
3751 8.730724334716797
407 8.702383041381836
4768 8.656622886657715
4013 8.656556129455566
429 8.65079402923584
262 8.644888877868652
3994 8.622224807739258
2088 8.615238189697266
4011 8.596345901489258
413 8.585331916809082
3992 8.568217277526855
4006 8.561877250671387
2431 8.542451858520508
4793 8.529558181762695
1601 8.526991844177246
1594 8.510714530944824
2073 8.505927085876465
1603 8.495607376098633
2465 8.490047454833984
2171 8.470666885375977
415 8.46761417388916
401 8.45015811920166
2085 8.378758430480957
2212 8.376055717468262
2178 8.364155769348145
1595 8.354060173034668
2173 8.345675468444824
4068 8.319838523864746
422 8.301362991333008
444 8.27205753326416
440 8.26611042022705
3996 8.257708549499512
1615 8.243461608886719
2395 8.237889289855957
2181 8.236837387084961
400 8.224642753601074
4001 8.205072402954102
423 8.179443359375
3989 8.166759490966797
889 8.139080047607422
2216 8.096364974975586
