3257 9.746321678161621
1630 9.208502769470215
455 9.095121383666992
2830 9.01470947265625
458 8.820012092590332
477 8.56013011932373
2593 8.516122817993164
2580 8.354657173156738
227 8.317817687988281
2821 8.230006217956543
2242 8.196523666381836
1450 8.175146102905273
2639 8.129969596862793
2357 8.107505798339844
4051 7.975253105163574
5570 7.9527153968811035
5684 7.951735019683838
4951 7.944517135620117
3007 7.935771942138672
2842 7.927145957946777
2476 7.863868713378906
5303 7.860447883605957
3015 7.859623908996582
1622 7.829851150512695
3174 7.82717752456665
4145 7.811213493347168
4089 7.806036472320557
5545 7.798139572143555
454 7.76779317855835
2988 7.719017028808594
3245 7.677575588226318
2843 7.664493560791016
770 7.657799243927002
3260 7.62579870223999
1640 7.619576930999756
637 7.606086254119873
5411 7.605459213256836
495 7.600113391876221
1294 7.586470603942871
2109 7.571442604064941
3001 7.537437915802002
2722 7.521383285522461
4974 7.480865955352783
2468 7.462896347045898
2041 7.424846649169922
4958 7.422302722930908
1626 7.41929292678833
3680 7.413529396057129
5089 7.395531177520752
3243 7.393734455108643
3256 7.353072643280029
2876 7.326910972595215
888 7.322755813598633
2833 7.321775436401367
2460 7.3201165199279785
674 7.319645404815674
1070 7.276503562927246
2589 7.263537406921387
2487 7.249298095703125
4142 7.245438098907471
2144 7.230578899383545
4967 7.230100631713867
925 7.229447364807129
2327 7.222615718841553
2613 7.205982685089111
3840 7.2002363204956055
4960 7.179050922393799
2931 7.165782928466797
299 7.163103103637695
1239 7.161821365356445
5042 7.15273380279541
5054 7.149755477905273
4563 7.142764091491699
1620 7.140544891357422
4111 7.135221004486084
2820 7.123837947845459
2877 7.121931076049805
2063 7.120589733123779
579 7.114866733551025
32 7.113749980926514
3202 7.105673789978027
2844 7.094050884246826
452 7.091221809387207
2486 7.082972526550293
5154 7.074129104614258
1442 7.073254108428955
3268 7.068843841552734
1230 7.0626702308654785
291 7.052516460418701
4925 7.043741226196289
2484 7.027815818786621
5302 7.020785808563232
2870 7.0090179443359375
1636 7.007558345794678
2906 7.006057262420654
5563 6.997041702270508
3359 6.991754055023193
2131 6.988525867462158
2057 6.9868245124816895
2974 6.9848408699035645
