47086 8.576546669006348
1003542 8.229690551757812
42753 8.125348091125488
29753 8.031469345092773
33955 7.940127372741699
1011682 7.9093241691589355
24833 7.7920637130737305
27051 7.777637004852295
44053 7.708212852478027
1797 7.685659408569336
7155 7.645904064178467
17115 7.640621185302734
5486 7.598474025726318
1004161 7.55748987197876
46036 7.488579750061035
27084 7.468433380126953
20644 7.441044807434082
1007038 7.405149936676025
1007599 7.400496006011963
15466 7.384766578674316
12727 7.3499579429626465
31690 7.332607269287109
20413 7.305572032928467
13620 7.2898945808410645
27069 7.262825012207031
14546 7.2497758865356445
5509 7.224766254425049
1010737 7.161642074584961
33292 7.159265995025635
15535 7.157522678375244
1012068 7.142165184020996
30404 7.129957675933838
42696 7.120900630950928
21356 7.1042561531066895
7935 7.102754592895508
21618 7.100219249725342
27331 7.095921993255615
7124 7.081777572631836
21796 7.072646141052246
1000096 7.067570686340332
1001656 7.063881874084473
38106 7.056802272796631
9935 7.03113317489624
4393 7.027683258056641
1008065 7.004498481750488
50280 7.000944137573242
14810 6.951284408569336
22725 6.9506988525390625
7874 6.933193683624268
1001886 6.919663906097412
27607 6.918097019195557
1008281 6.9078688621521
15414 6.907623291015625
1380 6.889978408813477
16571 6.882075309753418
29332 6.881691932678223
1005577 6.880867958068848
1008590 6.860329627990723
49693 6.858906269073486
21077 6.856818675994873
1000620 6.855550765991211
23 6.841221332550049
19598 6.839417934417725
7029 6.833887100219727
36074 6.799251556396484
36171 6.79699182510376
47256 6.79160737991333
39042 6.782310962677002
25329 6.760599136352539
47053 6.756190299987793
41816 6.754176139831543
7853 6.753328323364258
7250 6.749487400054932
19470 6.749396800994873
2824 6.746485710144043
10012 6.706386566162109
3730 6.70112943649292
3276 6.700145244598389
1528 6.682497978210449
9821 6.681437969207764
1001457 6.6652045249938965
2584 6.658144474029541
41454 6.653042793273926
11668 6.6208343505859375
40566 6.610396862030029
33066 6.60570764541626
26005 6.591987133026123
44825 6.589317798614502
995 6.579990386962891
1011333 6.573317527770996
26058 6.565785884857178
41847 6.561483860015869
48391 6.556260585784912
44441 6.554358005523682
47156 6.552152156829834
44754 6.541247844696045
4185 6.539122104644775
1002218 6.537045001983643
8889 6.536256790161133
36208 6.526668548583984
