32987 8.03825569152832
6567 7.410912036895752
44016 7.265803813934326
21807 7.228065490722656
1002368 7.145509243011475
12924 6.992059230804443
8577 6.805185794830322
38980 6.736916542053223
1000538 6.72708797454834
45552 6.698155403137207
1010261 6.683684825897217
18140 6.6743083000183105
47958 6.656342506408691
1004929 6.640146732330322
50609 6.635845184326172
20366 6.633813381195068
49129 6.62312650680542
1011681 6.592810153961182
49502 6.529012203216553
7061 6.483398914337158
236 6.464691162109375
38027 6.40200662612915
1009148 6.38118314743042
32148 6.367260456085205
33227 6.330960273742676
17764 6.326880931854248
14069 6.320907115936279
1803 6.287939548492432
7853 6.286405563354492
21147 6.267329216003418
8002 6.230010509490967
30418 6.220801830291748
31935 6.183332443237305
13396 6.166144371032715
35235 6.150332450866699
50388 6.133739948272705
34770 6.121766090393066
32223 6.120113372802734
42158 6.105014324188232
6513 6.096220970153809
36894 6.079472064971924
1003308 6.068835258483887
18832 6.064065456390381
21060 6.045866012573242
12982 6.028289318084717
49969 6.014230251312256
9827 6.001041412353516
1887 5.9977335929870605
1005986 5.9716877937316895
7425 5.970144748687744
1049 5.950823783874512
1002250 5.937143325805664
14865 5.934267520904541
12803 5.923938751220703
12280 5.903123378753662
30348 5.902790546417236
3673 5.901484489440918
1004490 5.870201110839844
8298 5.866750717163086
1005297 5.859748363494873
1006227 5.8511199951171875
1005368 5.841878890991211
23220 5.83895206451416
9768 5.812748432159424
3276 5.806239604949951
5632 5.805241107940674
41651 5.802350044250488
1006767 5.795133590698242
20372 5.784115314483643
40777 5.771162033081055
32805 5.750124454498291
21220 5.7318115234375
290 5.718914031982422
21928 5.718776702880859
1557 5.716101169586182
30448 5.696323871612549
22797 5.692996978759766
1007913 5.692126274108887
12895 5.6897053718566895
1008323 5.6873626708984375
1006569 5.6656694412231445
1005973 5.652591705322266
48550 5.649436950683594
26213 5.644687175750732
10505 5.638007164001465
18144 5.6348066329956055
47372 5.6339616775512695
34777 5.6296610832214355
13798 5.6253767013549805
38315 5.611034870147705
5808 5.5924859046936035
1005903 5.588541507720947
1007977 5.587961196899414
1007144 5.580142498016357
1009877 5.57147741317749
7719 5.570315361022949
35171 5.56639289855957
22966 5.5650315284729
13262 5.563589096069336
9324 5.562461853027344
