50042 8.909445762634277
47529 8.70158863067627
43355 8.520712852478027
8256 8.482659339904785
6389 8.161121368408203
50407 8.138703346252441
9935 8.112841606140137
1008683 8.111668586730957
23291 8.046780586242676
1010737 7.953688621520996
4666 7.881269454956055
21561 7.875338554382324
3730 7.839244365692139
10012 7.839237689971924
1011550 7.831108570098877
38278 7.819234848022461
1008281 7.810353755950928
36576 7.787543773651123
1011897 7.761105060577393
8889 7.758517265319824
3760 7.692154884338379
35264 7.645287036895752
11289 7.625660419464111
7124 7.615872383117676
1004547 7.581151962280273
37562 7.580289840698242
45072 7.5765910148620605
5240 7.5731401443481445
28859 7.558608531951904
1005481 7.538096904754639
1008545 7.529199123382568
25235 7.528299808502197
48072 7.525513172149658
33955 7.522949695587158
50508 7.4964919090271
36074 7.490180969238281
28933 7.467191219329834
26829 7.467091083526611
2091 7.465542316436768
47787 7.442225933074951
25849 7.429486274719238
27221 7.419931411743164
2701 7.419136047363281
16058 7.404453754425049
5165 7.387339115142822
32789 7.38584566116333
1010032 7.372040271759033
16233 7.325957775115967
7935 7.322610378265381
1617 7.314860820770264
26739 7.296441078186035
1004366 7.291889190673828
1007793 7.285244464874268
11517 7.279173374176025
3101 7.256433010101318
1010846 7.246213436126709
12457 7.246121883392334
4518 7.240475654602051
46036 7.222345352172852
1001886 7.203444004058838
15466 7.203439235687256
32463 7.188814640045166
25877 7.128927707672119
38408 7.125505447387695
18472 7.122183322906494
37907 7.112393379211426
691 7.099372386932373
30848 7.086905002593994
27464 7.0756988525390625
12828 7.074811935424805
42298 7.063751220703125
43266 7.053077220916748
1148 7.051807880401611
1012458 7.048099994659424
30659 7.032491683959961
1009418 7.021335124969482
40540 7.020927429199219
7514 7.019742488861084
50367 7.0056939125061035
1005661 7.002844333648682
13250 7.002104759216309
13620 6.990213394165039
12222 6.9825663566589355
1007609 6.974287033081055
40452 6.970052242279053
7703 6.951755046844482
45259 6.9472246170043945
13149 6.946666717529297
31789 6.942816257476807
13758 6.925439357757568
33695 6.923788547515869
1003787 6.922030448913574
38326 6.915170669555664
36290 6.913295745849609
13931 6.909669876098633
7042 6.904623508453369
21796 6.892504692077637
39592 6.883388996124268
21791 6.874349117279053
27140 6.87369966506958
