32203 0.3322722017765045
30436 0.32945936918258667
33170 0.3273327946662903
31182 0.3270855247974396
33863 0.32630351185798645
32331 0.3261638283729553
3307 0.32609251141548157
33950 0.32551223039627075
4089 0.3251025676727295
3998 0.3240048885345459
253 0.32356980443000793
33932 0.3232291042804718
31065 0.3231683671474457
4108 0.322921484708786
2378 0.32273799180984497
2259 0.3226470351219177
33155 0.3225659430027008
32007 0.3225135803222656
2473 0.32244011759757996
3355 0.32240235805511475
30806 0.32226914167404175
33168 0.32176673412323
1298 0.32131069898605347
391 0.3210238218307495
30496 0.32095563411712646
34642 0.32078060507774353
31072 0.3206522464752197
3073 0.32063159346580505
32174 0.3203696310520172
256 0.3202698528766632
32718 0.3201686441898346
50 0.3201386034488678
1134 0.32005584239959717
31095 0.3200235366821289
30033 0.31990233063697815
33095 0.31972038745880127
4787 0.3196806013584137
31897 0.3193657696247101
4088 0.319270521402359
30311 0.3192098140716553
2353 0.31917688250541687
5060 0.31916552782058716
2365 0.31916147470474243
4989 0.31904420256614685
31291 0.3189750015735626
1316 0.3188880980014801
30676 0.3188156187534332
2373 0.31849411129951477
35053 0.3184007704257965
3184 0.31833747029304504
5433 0.31830981373786926
32326 0.31817904114723206
32479 0.3181002140045166
33951 0.31800857186317444
1306 0.3178519308567047
32196 0.3178057372570038
31354 0.31752628087997437
276 0.31743165850639343
1478 0.31733959913253784
234 0.31726178526878357
33917 0.31716954708099365
2130 0.3171483278274536
1688 0.3170737624168396
3993 0.3170343339443207
34367 0.3169742226600647
30226 0.3168656826019287
30256 0.31683340668678284
32794 0.31670865416526794
5713 0.31654617190361023
2264 0.31643617153167725
32685 0.3162520229816437
4769 0.3161563277244568
269 0.3160321116447449
32754 0.31601682305336
30291 0.31595301628112793
3143 0.3159078061580658
35373 0.3156408369541168
2304 0.3155880868434906
33167 0.31558412313461304
30355 0.3154267966747284
33150 0.3154223561286926
2533 0.31538403034210205
44 0.31537294387817383
1329 0.3153519034385681
2918 0.3153292238712311
1451 0.3153040111064911
30212 0.31524139642715454
32275 0.31512290239334106
4070 0.31511399149894714
32232 0.3150567412376404
32731 0.3150397539138794
2339 0.3149981200695038
1616 0.31491783261299133
30364 0.31479233503341675
30227 0.31478267908096313
1551 0.31476229429244995
34072 0.3147537410259247
5289 0.3147316873073578
1620 0.31472936272621155
4033 0.3146701157093048
