1316 0.3388906419277191
2792 0.33773860335350037
31190 0.33590003848075867
34074 0.33304721117019653
2127 0.32985061407089233
1298 0.3289429545402527
2554 0.3283717930316925
3314 0.3276015818119049
34072 0.32753103971481323
31228 0.3274626135826111
31195 0.3272930979728699
34061 0.32681962847709656
4206 0.3265577554702759
34612 0.32635602355003357
2563 0.3261648714542389
34073 0.32577216625213623
32637 0.3257025480270386
33091 0.32505002617836
30050 0.32488366961479187
2760 0.32476988434791565
34599 0.3240298926830292
32025 0.3236866593360901
31182 0.323421835899353
33872 0.32315272092819214
854 0.32307714223861694
2259 0.3229673504829407
2766 0.32277345657348633
30033 0.3226187229156494
4248 0.32249513268470764
44 0.3220842778682709
32275 0.3219437897205353
2107 0.3214133083820343
32001 0.3212832808494568
30323 0.3207729756832123
2406 0.3207502067089081
33163 0.3203790783882141
42 0.32033881545066833
37 0.32033050060272217
373 0.3202706575393677
1296 0.31976890563964844
33168 0.3195856809616089
32664 0.31951212882995605
2401 0.31945371627807617
1451 0.3194040060043335
4336 0.31925588846206665
33059 0.3192528486251831
33155 0.3191754221916199
34063 0.31909695267677307
4769 0.31908366084098816
31198 0.3189358711242676
4772 0.3189027011394501
2151 0.31869447231292725
2130 0.3186764121055603
4242 0.3184438645839691
31585 0.3181881904602051
33170 0.31798264384269714
30317 0.3176271617412567
4241 0.3174428939819336
32007 0.31742021441459656
34183 0.31711050868034363
31197 0.3170830309391022
2155 0.3169323801994324
31200 0.31688055396080017
32219 0.31654930114746094
4232 0.3163493871688843
2378 0.31633296608924866
34076 0.31632116436958313
31995 0.31621769070625305
1339 0.31614869832992554
50 0.3160010278224945
32654 0.31588613986968994
4107 0.3158043920993805
34065 0.3157731294631958
32274 0.3155241310596466
32625 0.3154936730861664
32296 0.3154509663581848
4382 0.31535670161247253
86 0.3153039216995239
32196 0.3152617812156677
1310 0.3150205910205841
1304 0.31490376591682434
4239 0.3147505223751068
4953 0.31457218527793884
3321 0.3144224286079407
32011 0.3141712546348572
3233 0.31411707401275635
31978 0.3139755129814148
34081 0.3139597177505493
4198 0.3136436939239502
34608 0.3136313855648041
2813 0.3135456144809723
32006 0.31342771649360657
2423 0.3133864104747772
32283 0.313188374042511
365 0.3131085932254791
30319 0.31305015087127686
2783 0.31295228004455566
2642 0.3129270672798157
2811 0.31260937452316284
4089 0.31257033348083496
