31190 0.3514981269836426
34612 0.34899449348449707
32637 0.3488762378692627
34074 0.3477599620819092
253 0.34374135732650757
33168 0.34345147013664246
2563 0.3423229157924652
4232 0.3419851064682007
2259 0.3417350649833679
2792 0.3414081335067749
3314 0.3409801125526428
4206 0.33991605043411255
2554 0.3397007882595062
2760 0.33932068943977356
1451 0.3384318947792053
30676 0.33837494254112244
1704 0.3382354974746704
2766 0.3381565809249878
33170 0.33802908658981323
1298 0.3376770615577698
30317 0.3374505639076233
30323 0.33736300468444824
4107 0.3372499942779541
34599 0.33721885085105896
4772 0.3371715247631073
797 0.33700552582740784
4108 0.336365669965744
31585 0.33617568016052246
790 0.3359370827674866
1688 0.33582159876823425
33155 0.3355224132537842
4336 0.33530285954475403
33077 0.3351936340332031
387 0.3351694345474243
4122 0.3350553512573242
779 0.33500176668167114
2406 0.3348979651927948
32219 0.33483630418777466
4248 0.3347957730293274
34608 0.3342228829860687
1316 0.3339460492134094
30302 0.3337520360946655
2642 0.33374208211898804
33150 0.3335716724395752
365 0.3335416316986084
1703 0.3334261178970337
33200 0.3333067297935486
32654 0.3332475423812866
33143 0.3330203890800476
33167 0.332762211561203
34073 0.3326738178730011
4789 0.33264225721359253
34344 0.3324556350708008
892 0.3323208689689636
33863 0.33227360248565674
33163 0.33226278424263
4787 0.332254022359848
2365 0.33216366171836853
4088 0.3320930004119873
32914 0.3320910632610321
30752 0.33203646540641785
33091 0.3318527340888977
4791 0.33176669478416443
50 0.3316105306148529
2151 0.33155742287635803
34592 0.33126798272132874
31198 0.33101287484169006
32203 0.3308829665184021
3355 0.3308347463607788
2353 0.33059582114219666
34613 0.33055809140205383
4767 0.33049169182777405
33884 0.33042582869529724
44 0.3302331864833832
30105 0.3300893306732178
4089 0.33004677295684814
31995 0.3300051689147949
2361 0.32997578382492065
31182 0.32992982864379883
4066 0.32988765835762024
32515 0.32985013723373413
30319 0.3296831250190735
34148 0.3295414447784424
104 0.3294636011123657
34072 0.3294476568698883
30227 0.32935962080955505
34081 0.3292029798030853
30206 0.32910439372062683
33146 0.3290400505065918
373 0.3289884030818939
32006 0.3287051022052765
4242 0.3285890221595764
33957 0.32858020067214966
33059 0.3283874988555908
31990 0.3283486068248749
30301 0.3283233046531677
626 0.32821542024612427
4322 0.32815784215927124
30529 0.3280103802680969
4953 0.32772523164749146
