402 0.35144755244255066
30364 0.350830078125
30377 0.34768974781036377
391 0.3462682366371155
3998 0.34539204835891724
2212 0.3452792465686798
30369 0.34511953592300415
32074 0.344684362411499
2194 0.34363168478012085
30382 0.34325355291366577
408 0.3432242274284363
32082 0.34296920895576477
31485 0.3423061966896057
33847 0.3419857323169708
1610 0.34192490577697754
1616 0.34158945083618164
2177 0.34134697914123535
30385 0.3412184417247772
32039 0.34095385670661926
1606 0.3407074213027954
394 0.34020644426345825
31502 0.34015101194381714
32080 0.3397546112537384
33947 0.33951741456985474
32081 0.3392474055290222
30355 0.3390732705593109
31498 0.3386686444282532
32038 0.33831655979156494
30374 0.3380632996559143
2163 0.33776652812957764
32090 0.3377048671245575
400 0.3375047445297241
33844 0.3371657133102417
2178 0.3369944095611572
32066 0.33661866188049316
1600 0.33614641427993774
2162 0.3360034227371216
4124 0.3358857035636902
4122 0.33572983741760254
32326 0.3352837860584259
2179 0.3351307809352875
32659 0.33498260378837585
33840 0.33466029167175293
32062 0.33449316024780273
440 0.33434218168258667
2486 0.33393341302871704
32078 0.3338509798049927
2195 0.33365702629089355
31492 0.33362483978271484
31503 0.3332359492778778
31491 0.332616925239563
2160 0.33237698674201965
4001 0.3322925567626953
32072 0.33221375942230225
30330 0.3320968449115753
1462 0.33191782236099243
33818 0.3318633437156677
4769 0.33179062604904175
418 0.3317877948284149
33893 0.3316996097564697
30359 0.3315531611442566
1593 0.33139222860336304
2272 0.33127713203430176
429 0.33118942379951477
30354 0.33104684948921204
30386 0.3310004472732544
33920 0.3309992253780365
417 0.3309130072593689
30372 0.33090388774871826
32071 0.33084437251091003
4890 0.3306245803833008
33831 0.33058327436447144
4011 0.3305095434188843
32059 0.3304692506790161
32122 0.3304559886455536
436 0.33025550842285156
34712 0.3302468955516815
33826 0.33014512062072754
437 0.3300965428352356
438 0.33005884289741516
446 0.33001941442489624
32056 0.3298594653606415
33963 0.32983702421188354
4109 0.32976698875427246
2208 0.32976290583610535
435 0.3297120928764343
449 0.32922643423080444
32075 0.3290756940841675
3993 0.3289717137813568
1615 0.3289273977279663
1451 0.3287487030029297
32088 0.3286663889884949
32067 0.3286533057689667
33948 0.32849588990211487
415 0.3284280002117157
30366 0.328412264585495
2211 0.32839274406433105
2092 0.3283538222312927
33953 0.3281402289867401
32065 0.32808971405029297
