
31485 0.3388540744781494
32080 0.3375691771507263
400 0.3355415463447571
402 0.3349956274032593
30377 0.33475548028945923
391 0.3341021239757538
30355 0.33360546827316284
1451 0.3334302306175232
30364 0.3331347107887268
33947 0.3330771028995514
33847 0.33275386691093445
3998 0.332313597202301
32074 0.33229735493659973
32082 0.33104556798934937
30382 0.33099642395973206
30369 0.33010947704315186
32122 0.33010756969451904
2177 0.32888665795326233
394 0.32880327105522156
1616 0.328643262386322
440 0.3284977376461029
4054 0.3272784650325775
1610 0.3265211582183838
2160 0.3262632489204407
33962 0.32476532459259033
2163 0.32465678453445435
33818 0.3245379626750946
2179 0.32453685998916626
31502 0.3244629204273224
1595 0.32403236627578735
2194 0.32372382283210754
1606 0.3235316574573517
438 0.3234672546386719
408 0.32320162653923035
446 0.32314014434814453
429 0.32299110293388367
4242 0.322844922542572
2196 0.3226735293865204
449 0.3226155936717987
32038 0.32166600227355957
30330 0.3216341435909271
33844 0.3215821385383606
2272 0.3215698003768921
2178 0.32150352001190186
4010 0.3214069604873657
32059 0.32078638672828674
31342 0.32076090574264526
1600 0.3206007480621338
31494 0.3205694556236267
33920 0.32049593329429626
31492 0.32045164704322815
4122 0.3203457295894623
32078 0.3202032446861267
30350 0.3201126754283905
33840 0.32009628415107727
33948 0.3199115991592407
34732 0.3196224272251129
4892 0.31952908635139465
2162 0.3194595277309418
442 0.3194582462310791
1462 0.31942877173423767
32063 0.31928950548171997
4088 0.31920599937438965
31354 0.3190823793411255
32039 0.31887906789779663
4903 0.31883686780929565
32098 0.3185062110424042
1617 0.31830915808677673
2206 0.3182147741317749
32085 0.31812649965286255
415 0.3180716037750244
32659 0.31800633668899536
31990 0.31790611147880554
31483 0.317740261554718
2195 0.3176819086074829
4769 0.31748151779174805
2182 0.31719857454299927
31973 0.3171953856945038
32054 0.3171558082103729
2172 0.31707674264907837
4011 0.3170601427555084
31497 0.3167247772216797
34031 0.3163945972919464
30354 0.3163068890571594
34712 0.3162919282913208
4117 0.3161616325378418
1465 0.315987229347229
33952 0.3159337043762207
4890 0.3157274127006531
32044 0.3156549632549286
31493 0.3155507743358612
31498 0.3154592514038086
4109 0.3153957426548004
2201 0.3153246343135834
31491 0.31522801518440247
30386 0.3152098059654236
32066 0.315154492855072
4893 0.31508082151412964
4247 0.31503936648368835
1917 0.31485432386398315
