2177 0.35089680552482605
30364 0.34730106592178345
2160 0.34475988149642944
2166 0.34340161085128784
2179 0.34231093525886536
4108 0.3406728506088257
449 0.34025418758392334
31485 0.3400546908378601
4107 0.3391494154930115
30382 0.33889254927635193
437 0.338248610496521
32659 0.3378080129623413
32051 0.3371344208717346
32044 0.3368929326534271
32056 0.33623892068862915
30355 0.3362368047237396
4892 0.33580973744392395
30377 0.33575937151908875
33952 0.33560630679130554
32025 0.33541926741600037
2450 0.33535414934158325
4122 0.33483555912971497
31096 0.3341323137283325
32082 0.3341268002986908
33167 0.33386901021003723
2163 0.3337903320789337
33170 0.33364489674568176
33947 0.33336833119392395
31113 0.33335021138191223
1595 0.3333223760128021
30369 0.3333168625831604
2361 0.33319905400276184
2792 0.3331572413444519
33962 0.3330659866333008
4769 0.332960844039917
32122 0.33289483189582825
1869 0.33288276195526123
4242 0.3328549563884735
2168 0.3328397274017334
4890 0.33263295888900757
33168 0.332505464553833
2206 0.3322735130786896
32065 0.3320934474468231
1451 0.3320387303829193
32038 0.3319525122642517
33941 0.33175739645957947
391 0.331746906042099
2178 0.3315647840499878
32669 0.33134233951568604
3355 0.3312843143939972
4336 0.33108994364738464
2194 0.33100393414497375
34031 0.3309182822704315
32080 0.3309108018875122
31095 0.33079198002815247
33957 0.33076292276382446
4120 0.3307117521762848
33880 0.3305332660675049
2813 0.3304392993450165
1917 0.33017417788505554
33950 0.3298744559288025
1606 0.3297874629497528
4915 0.3296930193901062
34077 0.32945770025253296
2182 0.32926124334335327
2812 0.32915908098220825
429 0.3291517496109009
4117 0.329105019569397
432 0.32909154891967773
4109 0.32898807525634766
32219 0.32892417907714844
32039 0.32887035608291626
32063 0.3285103738307953
2272 0.32848358154296875
33155 0.3283594846725464
2165 0.3283330202102661
32211 0.32824933528900146
34712 0.32809972763061523
1610 0.32799234986305237
2795 0.3279241919517517
33863 0.3278484642505646
394 0.327732652425766
408 0.32772138714790344
4088 0.3277183473110199
4135 0.32769301533699036
1339 0.3276902437210083
400 0.32746949791908264
33954 0.3272782862186432
4089 0.3272240161895752
33963 0.3271464705467224
4105 0.32708221673965454
4382 0.32703500986099243
33183 0.32694515585899353
440 0.32687926292419434
4782 0.32677674293518066
32098 0.32669419050216675
2353 0.32668954133987427
4784 0.3266436755657196
50 0.326565682888031
402 0.32642096281051636
