30364 0.35783010721206665
402 0.3563533127307892
32080 0.35611218214035034
30377 0.3545788526535034
30382 0.35367822647094727
1606 0.3516901433467865
30369 0.35163843631744385
391 0.3502048850059509
1610 0.34873729944229126
429 0.3484383225440979
31485 0.34814533591270447
32081 0.3477916121482849
1600 0.34699469804763794
31502 0.34655776619911194
4108 0.3456008732318878
400 0.34554535150527954
394 0.3453086316585541
442 0.3448953926563263
2163 0.34466874599456787
31491 0.3444651961326599
32074 0.34441059827804565
31498 0.34435170888900757
32122 0.34357696771621704
2177 0.3433659076690674
408 0.3431750535964966
30350 0.3431726396083832
32065 0.3429153561592102
33952 0.3425074815750122
1616 0.3422895669937134
2194 0.34207358956336975
30355 0.3420651853084564
2272 0.34204739332199097
32039 0.3417558968067169
32078 0.3417246341705322
2206 0.3416192829608917
2179 0.34155362844467163
440 0.34138697385787964
1595 0.34129396080970764
427 0.3412860333919525
4124 0.34099942445755005
30330 0.340758740901947
32082 0.3405084013938904
30385 0.3399644196033478
32063 0.33951205015182495
33947 0.3394991457462311
33963 0.3392696678638458
4109 0.33898699283599854
32669 0.3388381898403168
396 0.33855006098747253
30351 0.3385176360607147
31493 0.3385041356086731
30374 0.33848699927330017
32066 0.3382623791694641
4890 0.33826184272766113
1604 0.3381950259208679
2178 0.3380928337574005
4904 0.3377489745616913
31497 0.33773326873779297
1617 0.3377302885055542
31503 0.33772554993629456
32062 0.3376021385192871
33966 0.3375816345214844
2160 0.3374490737915039
3998 0.33743816614151
34724 0.33740076422691345
2162 0.3373391926288605
30359 0.3371802270412445
31492 0.3369497060775757
31494 0.33673417568206787
30337 0.3366968631744385
32038 0.33664363622665405
4135 0.33660560846328735
2183 0.33649879693984985
4114 0.33635446429252625
1615 0.3362928330898285
31508 0.3362428843975067
1608 0.336187481880188
34712 0.3357241749763489
33962 0.33566710352897644
32659 0.33560121059417725
2217 0.33546608686447144
1602 0.3354121446609497
4790 0.33526161313056946
4784 0.33521655201911926
33893 0.3349772095680237
30354 0.3349725306034088
423 0.3349715769290924
33880 0.3348329961299896
2197 0.3347623944282532
1594 0.3346988558769226
34706 0.3346944749355316
33831 0.33466652035713196
786 0.3346633315086365
4892 0.33462196588516235
269 0.33456921577453613
2361 0.33452343940734863
33964 0.3344424366950989
4120 0.3343732953071594
438 0.3343172073364258
31489 0.33428826928138733
