513 0.34583812952041626
511 0.3414294123649597
2581 0.33354008197784424
2231 0.331379771232605
31973 0.3300938010215759
4088 0.3271862864494324
2233 0.3262230157852173
31902 0.3247672915458679
35059 0.3241541087627411
30636 0.32414767146110535
514 0.32411110401153564
1282 0.3232582211494446
35155 0.322918176651001
31965 0.32242342829704285
34980 0.3213207423686981
32245 0.3212187886238098
4847 0.3202534019947052
524 0.31952378153800964
34856 0.31948038935661316
31949 0.3193944990634918
2225 0.31920647621154785
31912 0.3191641569137573
2092 0.3190692067146301
34902 0.3189590573310852
30396 0.31871259212493896
517 0.3186038136482239
30989 0.3185132145881653
30637 0.31842610239982605
1986 0.31829360127449036
30451 0.3182346820831299
2248 0.3181208372116089
2026 0.3180049657821655
2241 0.31789615750312805
30448 0.31783223152160645
2094 0.3176511824131012
31889 0.3175363540649414
30628 0.31749629974365234
2245 0.3174678087234497
4556 0.31735920906066895
32104 0.31733328104019165
2587 0.3173036575317383
4621 0.31727588176727295
34954 0.31713446974754333
515 0.3165172040462494
34977 0.31629568338394165
2239 0.31600692868232727
4583 0.3158491253852844
34989 0.31583064794540405
31897 0.3158073127269745
32122 0.3154987394809723
5319 0.3154810667037964
34416 0.3153703212738037
2081 0.3153684735298157
34374 0.3152226507663727
5433 0.31520530581474304
33950 0.3149908185005188
526 0.31480488181114197
35053 0.31463706493377686
539 0.3143358528614044
5167 0.314216673374176
32117 0.31398916244506836
31950 0.31383219361305237
2080 0.3134048283100128
32106 0.31339120864868164
1139 0.3133607506752014
31045 0.3133397698402405
4938 0.31289589405059814
32924 0.3127685487270355
31155 0.312497079372406
4629 0.3122883439064026
34356 0.3121788501739502
5340 0.31203049421310425
34909 0.31173813343048096
2378 0.3117217719554901
32919 0.3114517033100128
1162 0.3114250600337982
34406 0.3114228844642639
1271 0.31140050292015076
30974 0.3113766312599182
30872 0.3113461136817932
4613 0.3111884891986847
30454 0.31105971336364746
34339 0.31062257289886475
2589 0.3106124699115753
34891 0.31051427125930786
32811 0.31029319763183594
34981 0.31011444330215454
4598 0.31005167961120605
35073 0.3100086748600006
3993 0.3098616600036621
5162 0.3097851276397705
2220 0.3096276521682739
32120 0.3096012473106384
30996 0.30956608057022095
30094 0.30950579047203064
30413 0.3094138503074646
31161 0.30920881032943726
522 0.30916211009025574
32098 0.3091573715209961
525 0.30912551283836365
