30892 0.3441360592842102
31871 0.3381351828575134
30436 0.3314018249511719
1997 0.3261606991291046
1200 0.3206057846546173
1047 0.3205070495605469
30889 0.31978413462638855
1032 0.3193613588809967
30919 0.3193013668060303
31561 0.31766241788864136
30938 0.31634238362312317
31861 0.31606683135032654
1044 0.31536951661109924
30932 0.31497958302497864
31867 0.3147045075893402
1022 0.3142279088497162
31869 0.3136676847934723
30087 0.31329798698425293
5826 0.3124697506427765
1989 0.3121364116668701
30922 0.31150102615356445
30939 0.3114376664161682
30901 0.3108620345592499
1028 0.3106168508529663
1006 0.3099469542503357
1329 0.3098273277282715
2004 0.30941882729530334
31879 0.30939367413520813
4321 0.3093869984149933
1657 0.3093858063220978
30895 0.30913853645324707
1039 0.3086429536342621
1925 0.30804190039634705
1995 0.3079298436641693
1038 0.30776870250701904
30917 0.30776259303092957
1235 0.3073505759239197
31878 0.3069346845149994
1042 0.3055291175842285
30912 0.305182546377182
1986 0.30499041080474854
503 0.3049021065235138
31936 0.30487731099128723
31897 0.30477994680404663
2023 0.3045574724674225
30935 0.3045271337032318
30927 0.3038327395915985
1650 0.30235153436660767
31543 0.30224499106407166
1936 0.30216944217681885
1040 0.3015080392360687
31206 0.3014674484729767
34030 0.30139532685279846
30915 0.3013709485530853
30928 0.3012898564338684
32203 0.3011874556541443
1669 0.3011093735694885
2026 0.30096545815467834
828 0.30034247040748596
5707 0.30026501417160034
30423 0.30023640394210815
30925 0.3000656068325043
31182 0.29912450909614563
2892 0.29880672693252563
4217 0.2983003258705139
1977 0.2982051372528076
1029 0.297929048538208
30914 0.29761335253715515
3357 0.2975042164325714
31559 0.2974415719509125
4161 0.2973434627056122
1030 0.2973325848579407
30814 0.29730549454689026
30933 0.29710012674331665
31141 0.29698094725608826
31094 0.296952486038208
1010 0.2968735992908478
1021 0.29686543345451355
2051 0.2968597114086151
31863 0.2968187928199768
31917 0.29663699865341187
3993 0.29663485288619995
30896 0.2965760827064514
3668 0.2965695858001709
30396 0.2964250147342682
31122 0.2962825298309326
32953 0.29613155126571655
1015 0.2960958182811737
1035 0.2960803508758545
31864 0.2959967851638794
2273 0.295788049697876
30918 0.2957199513912201
2260 0.29553645849227905
2065 0.29544350504875183
1025 0.29530468583106995
30415 0.2952819764614105
33471 0.2951209545135498
2067 0.2949008047580719
32872 0.2948778569698334
31188 0.2946086823940277
