5624 0.33630046248435974
4104 0.33395916223526
30436 0.3250977396965027
32331 0.32459452748298645
35494 0.32375282049179077
5713 0.32294270396232605
31588 0.32257962226867676
1688 0.3224986493587494
2500 0.32243308424949646
4066 0.3220865726470947
4095 0.3218259811401367
2473 0.3213481605052948
31130 0.32126471400260925
5701 0.3208841383457184
4719 0.32034388184547424
33928 0.32021278142929077
32275 0.3199697732925415
30220 0.31980133056640625
33913 0.3196132779121399
1690 0.3193216919898987
2448 0.3190143406391144
5703 0.3188304901123047
33904 0.31801167130470276
4087 0.318004846572876
4046 0.317824125289917
33932 0.3177909851074219
1668 0.31722843647003174
276 0.3171566426753998
35414 0.31712353229522705
33983 0.3167458772659302
35461 0.3163938522338867
4402 0.31630739569664
33917 0.3162613809108734
30892 0.3159290850162506
4314 0.31574785709381104
4096 0.31572625041007996
1317 0.31567662954330444
30217 0.31558212637901306
5610 0.3154039680957794
35522 0.315317839384079
35337 0.3152359127998352
30557 0.31513118743896484
4154 0.31482023000717163
35511 0.3147718906402588
2378 0.3145022690296173
33367 0.3144497275352478
5707 0.3142850399017334
5716 0.3140929043292999
31586 0.3140486776828766
31897 0.314039409160614
5629 0.3137193024158478
31592 0.31350353360176086
1245 0.3134553134441376
34013 0.31335869431495667
31145 0.3133555054664612
4089 0.31329962611198425
1235 0.31321588158607483
496 0.3131903111934662
35406 0.3131047785282135
1687 0.3130505383014679
34143 0.31279972195625305
33294 0.3127954304218292
1704 0.3127417266368866
31138 0.3127066195011139
33201 0.3125816881656647
30256 0.31241005659103394
34019 0.31237611174583435
31093 0.3121268153190613
5704 0.31203410029411316
30889 0.31199711561203003
31132 0.3119823932647705
3920 0.31195390224456787
4212 0.3117455244064331
30925 0.311515212059021
2894 0.31131690740585327
3657 0.31128132343292236
30941 0.3111506700515747
1693 0.31101465225219727
2480 0.3109823763370514
30142 0.31078964471817017
30432 0.31073930859565735
34049 0.3107188940048218
4139 0.31066155433654785
1039 0.3105497360229492
34001 0.310513973236084
1669 0.31044089794158936
1239 0.3103807866573334
1673 0.31021857261657715
31119 0.3101772665977478
30524 0.31009238958358765
1227 0.31003516912460327
31141 0.3099987804889679
31135 0.3099291920661926
34036 0.30986595153808594
34031 0.30983662605285645
31313 0.3098077178001404
33999 0.309800386428833
4048 0.3097997307777405
30237 0.30976104736328125
5700 0.30971798300743103
