34271 0.3229530155658722
33999 0.32150620222091675
3853 0.32100459933280945
1235 0.32041841745376587
1027 0.318874329328537
3576 0.3183304965496063
1038 0.3178830146789551
31588 0.31766560673713684
3907 0.31658920645713806
33932 0.31648778915405273
30436 0.3162918984889984
4154 0.3159569203853607
2892 0.31581366062164307
31138 0.31495046615600586
34013 0.3148299753665924
30925 0.3147739768028259
3122 0.3145493268966675
30919 0.3141554594039917
4095 0.3135467767715454
1031 0.3133064806461334
32987 0.3131464123725891
31149 0.31308722496032715
4184 0.31279972195625305
2951 0.312165766954422
30930 0.3113313913345337
31553 0.31106096506118774
33686 0.31084945797920227
34004 0.3105364739894867
31130 0.3105047941207886
2047 0.31033194065093994
33687 0.3102050721645355
3735 0.3101576566696167
34001 0.3101557195186615
30220 0.3100840449333191
32953 0.3098701238632202
30256 0.30977970361709595
1037 0.3096083700656891
33989 0.3093363344669342
3916 0.3092019855976105
1028 0.3091409504413605
35414 0.3091312348842621
1014 0.30908286571502686
2758 0.3086135685443878
632 0.3085615634918213
33679 0.3085601329803467
33617 0.308445006608963
1668 0.30837228894233704
996 0.30820080637931824
33419 0.30803921818733215
4177 0.30800843238830566
5849 0.307739794254303
35494 0.30771535634994507
5701 0.3076612651348114
4168 0.3070855438709259
1711 0.3070541322231293
2052 0.3069637715816498
34739 0.30693185329437256
33294 0.30692094564437866
276 0.30688613653182983
33593 0.30678239464759827
3555 0.3067072331905365
3573 0.30670374631881714
1021 0.306554913520813
2756 0.30644115805625916
1246 0.30637332797050476
30829 0.3063317835330963
1039 0.30629411339759827
33426 0.30608662962913513
2276 0.3060813546180725
2738 0.30600592494010925
3732 0.3059731423854828
1669 0.30587923526763916
30910 0.3057776987552643
506 0.30574649572372437
30906 0.30569988489151
33983 0.3056820034980774
5624 0.3056682050228119
34278 0.30565059185028076
30235 0.3056209981441498
30939 0.30547162890434265
32750 0.3054695129394531
33904 0.30534520745277405
273 0.3053220212459564
31145 0.305300235748291
33407 0.30518507957458496
3471 0.30510520935058594
828 0.3050459027290344
30889 0.3049302101135254
30969 0.30470705032348633
32769 0.30465880036354065
4459 0.3045096695423126
1022 0.30441516637802124
30892 0.3042983412742615
4139 0.3042863607406616
3447 0.304253488779068
3143 0.3042299449443817
30440 0.3041984438896179
33620 0.30419430136680603
31122 0.3041583001613617
30948 0.30383971333503723
