30436 0.3469035029411316
1235 0.33691149950027466
4139 0.33518850803375244
33983 0.33373504877090454
30423 0.3331056833267212
31591 0.33203551173210144
33987 0.33166199922561646
1239 0.33019447326660156
33981 0.33009073138237
33985 0.32927268743515015
4154 0.32887473702430725
33984 0.3286881446838379
1688 0.3285323977470398
31130 0.3284662663936615
4155 0.3282902240753174
4165 0.3274719715118408
4178 0.32739654183387756
4137 0.32669752836227417
270 0.3264915645122528
1690 0.3263087272644043
30230 0.3262636661529541
1687 0.326095849275589
4142 0.3260665237903595
4161 0.32589879631996155
490 0.32585692405700684
30220 0.3258504569530487
4156 0.3258405923843384
33979 0.3256760835647583
31573 0.32486701011657715
4175 0.3248039782047272
30419 0.32480159401893616
4184 0.32426777482032776
30432 0.32423922419548035
31569 0.32406607270240784
31145 0.3235875964164734
34004 0.3234846591949463
30939 0.3231148421764374
481 0.32308995723724365
33999 0.3229440152645111
31588 0.32289037108421326
2047 0.32253196835517883
31133 0.3225017488002777
30430 0.3224664330482483
30919 0.32235801219940186
34013 0.32216471433639526
31131 0.3220992982387543
33982 0.3220297694206238
34001 0.32199588418006897
34003 0.32170137763023376
33989 0.32128047943115234
1259 0.32115262746810913
5713 0.32090649008750916
31128 0.32047557830810547
506 0.32040226459503174
31132 0.3202050030231476
4194 0.3200787901878357
31199 0.32004910707473755
495 0.3197905421257019
31122 0.31969285011291504
30426 0.31960052251815796
4190 0.3195716142654419
4158 0.3195682764053345
5716 0.3195629417896271
30940 0.31940335035324097
33990 0.31912145018577576
4138 0.3189818561077118
32750 0.3189527988433838
4185 0.31877923011779785
31586 0.3181534707546234
35494 0.3180970847606659
1668 0.3180185556411743
4168 0.3179175853729248
4183 0.31787776947021484
34021 0.31746500730514526
30425 0.31734657287597656
504 0.31724968552589417
30917 0.3172014057636261
5701 0.31717392802238464
33980 0.31716489791870117
1702 0.317130446434021
30916 0.3170623481273651
30930 0.31680741906166077
33968 0.3166782855987549
4150 0.31665632128715515
33904 0.31663501262664795
35414 0.31647562980651855
34018 0.3162924647331238
33996 0.31623056530952454
1704 0.315984308719635
273 0.3157215416431427
1995 0.31560930609703064
4152 0.3156062364578247
287 0.3154960870742798
5700 0.3154011368751526
4195 0.3152817487716675
455 0.3152797520160675
31149 0.3152323067188263
467 0.31512758135795593
1039 0.3150745630264282
479 0.31504231691360474
