1329 0.33577054738998413
31588 0.3346678614616394
2500 0.33188217878341675
1711 0.33029645681381226
1704 0.3287382125854492
30436 0.3283758759498596
34053 0.3281955122947693
2276 0.326714426279068
2504 0.3252749741077423
35494 0.32506340742111206
3122 0.32457882165908813
1341 0.32346388697624207
33999 0.3226967751979828
2892 0.32267722487449646
1897 0.32236185669898987
4402 0.3222704827785492
33488 0.32166242599487305
1688 0.3214190900325775
4212 0.3212854862213135
32374 0.32123953104019165
31727 0.32119929790496826
1690 0.32108741998672485
33917 0.3207385540008545
30161 0.32071951031684875
4419 0.3201770484447479
32373 0.32008668780326843
3732 0.31982970237731934
1235 0.3196590542793274
34126 0.31954532861709595
1936 0.3193070888519287
31704 0.31883227825164795
1966 0.31882813572883606
31785 0.318767249584198
31739 0.3187662959098816
4719 0.31871291995048523
828 0.31798285245895386
34142 0.31794849038124084
1038 0.31760039925575256
1785 0.3175797760486603
2047 0.31753963232040405
2756 0.31743666529655457
30524 0.3172275125980377
30529 0.3170241415500641
30889 0.3169404864311218
1703 0.31676238775253296
34042 0.3166636824607849
31592 0.3165348768234253
4089 0.3163970410823822
32331 0.31637194752693176
4206 0.3163479268550873
2493 0.3163391351699829
31645 0.31628453731536865
3576 0.3162251114845276
1668 0.3160206973552704
1211 0.3160158693790436
2501 0.31599336862564087
34092 0.3159627318382263
5704 0.3158525824546814
31016 0.31584087014198303
31712 0.3157234489917755
33473 0.3157091438770294
30844 0.3156546354293823
2378 0.3156017065048218
2503 0.31528982520103455
35337 0.3152746856212616
35414 0.3151538670063019
4197 0.315131276845932
193 0.3151254951953888
30969 0.31491902470588684
1227 0.31487777829170227
34201 0.3147863745689392
2448 0.314784973859787
32275 0.3146298825740814
34045 0.3145686089992523
30440 0.31453007459640503
3447 0.31441229581832886
34029 0.3143646717071533
2511 0.3143124580383301
31821 0.3142872750759125
1940 0.3140878975391388
33465 0.3139785826206207
31733 0.3139635920524597
30256 0.3138851523399353
31082 0.31372109055519104
1907 0.3135004937648773
33778 0.3133887052536011
35501 0.3132895827293396
32135 0.3132771849632263
34143 0.3131643831729889
32203 0.31306716799736023
30806 0.31304582953453064
34046 0.31296852231025696
34044 0.3128920793533325
31553 0.31275907158851624
33438 0.31271082162857056
32364 0.3126904368400574
1929 0.31267210841178894
32959 0.3126445412635803
1014 0.312613308429718
3912 0.31258735060691833
