32608 0.35178208351135254
3143 0.35009098052978516
3122 0.34663325548171997
3284 0.3401873707771301
5794 0.3373397886753082
2756 0.33710503578186035
32622 0.3352873921394348
32274 0.3351317048072815
33139 0.3348696827888489
657 0.33436352014541626
32285 0.3339266777038574
5687 0.33332473039627075
32617 0.3330877125263214
3288 0.33265048265457153
2563 0.33084723353385925
5599 0.3307216763496399
33473 0.33065667748451233
2158 0.330392450094223
32624 0.3301030397415161
33129 0.3297024667263031
32602 0.328777551651001
4745 0.32872360944747925
528 0.3286382555961609
3137 0.32816392183303833
31897 0.3280651271343231
35485 0.3275958299636841
632 0.3275686204433441
30311 0.3273199796676636
3125 0.32711702585220337
35537 0.32684919238090515
4088 0.3264889717102051
33818 0.32647013664245605
32281 0.3264193832874298
3293 0.32570990920066833
3357 0.32528626918792725
32990 0.3251977860927582
2135 0.3246787488460541
35610 0.32464903593063354
3732 0.32445448637008667
34574 0.3240810036659241
32600 0.32396578788757324
5683 0.3238588273525238
35525 0.3236280083656311
35550 0.3232903480529785
30569 0.3232610821723938
31984 0.3231724202632904
1059 0.323072224855423
630 0.322989821434021
32989 0.322927862405777
276 0.32285162806510925
33121 0.32257694005966187
32610 0.3224101662635803
4748 0.32230401039123535
33132 0.32228830456733704
30488 0.3222236633300781
33124 0.32198891043663025
4743 0.32185518741607666
2130 0.321824848651886
2638 0.3217918276786804
3662 0.3217836618423462
2731 0.3216468095779419
32953 0.32142654061317444
3907 0.3211297392845154
763 0.32100194692611694
2112 0.32079675793647766
3447 0.3206847906112671
3298 0.3206360936164856
32987 0.3206164240837097
35529 0.32054638862609863
3642 0.3204393684864044
5587 0.32022348046302795
4761 0.3201667070388794
3920 0.32009440660476685
3653 0.3200342655181885
35605 0.31995105743408203
2744 0.3199467062950134
2407 0.31993749737739563
2730 0.31985655426979065
32616 0.319819837808609
30718 0.3198098838329315
32280 0.31974589824676514
3130 0.31950896978378296
638 0.31936225295066833
4739 0.3193158507347107
2138 0.31923937797546387
33750 0.3192371428012848
33130 0.3191879093647003
30552 0.3189498484134674
2416 0.3187418580055237
32977 0.31868791580200195
2751 0.31867390871047974
159 0.31862884759902954
32331 0.3185137212276459
35482 0.31845954060554504
512 0.31845372915267944
32621 0.31833356618881226
33419 0.3182722330093384
5684 0.3182719349861145
32603 0.3181302845478058
32988 0.31808775663375854
