528 0.35618898272514343
3642 0.354646772146225
32274 0.34782275557518005
33473 0.34761860966682434
32608 0.34628036618232727
4761 0.3438980281352997
5794 0.3435344398021698
3284 0.34259510040283203
159 0.34083759784698486
35525 0.3408361077308655
35589 0.3406037986278534
35550 0.34056761860847473
30488 0.34015411138534546
4748 0.33999523520469666
4745 0.33949053287506104
3288 0.33903419971466064
30311 0.3388313055038452
2112 0.33858001232147217
3122 0.3383427560329437
35545 0.3379518389701843
5599 0.3375045657157898
4104 0.33734577894210815
35537 0.33686649799346924
2429 0.3367129862308502
3907 0.336504727602005
30963 0.33647584915161133
1059 0.3359857499599457
3293 0.33581262826919556
2638 0.33579832315444946
33750 0.33558499813079834
32482 0.33516547083854675
35529 0.33507847785949707
35485 0.33442798256874084
35544 0.3343851864337921
4746 0.33430397510528564
3630 0.3342532515525818
33124 0.3340610861778259
2428 0.3337235450744629
32285 0.3335936665534973
33139 0.3335132598876953
35491 0.3334304392337799
35492 0.33333683013916016
32479 0.3331054747104645
4737 0.3330998420715332
32289 0.33280110359191895
2758 0.33274582028388977
2416 0.3327343165874481
5802 0.3323589861392975
3294 0.33228322863578796
5667 0.33217647671699524
5582 0.332135945558548
5603 0.331818163394928
32602 0.3312929570674896
35605 0.3311213552951813
5752 0.3308733403682709
2401 0.3307822346687317
5674 0.33073610067367554
177 0.33066487312316895
2406 0.3302653431892395
2414 0.330219566822052
32977 0.3301406502723694
532 0.3301266133785248
5738 0.32995694875717163
30892 0.3298667073249817
32622 0.3295861482620239
2618 0.32954952120780945
33452 0.32948222756385803
35484 0.32940682768821716
35584 0.32937824726104736
2425 0.3292808532714844
2756 0.32920271158218384
32617 0.3291946351528168
1074 0.3291257917881012
33132 0.32900896668434143
3357 0.32896706461906433
34324 0.3289411664009094
179 0.32893770933151245
2407 0.3289307653903961
32280 0.32884475588798523
32278 0.3288392722606659
35601 0.32880592346191406
5594 0.32869723439216614
1833 0.3286324441432953
5806 0.32838425040245056
3298 0.3283591568470001
2563 0.3283083736896515
3634 0.3280070722103119
30718 0.3278185725212097
35549 0.32777971029281616
33605 0.32766908407211304
4488 0.3276405930519104
1690 0.3275533616542816
818 0.32749661803245544
34575 0.3272305727005005
5728 0.32705220580101013
512 0.3269668221473694
30133 0.3268563449382782
1076 0.32679909467697144
35392 0.32652702927589417
35613 0.3264321982860565
