30364 0.34730106592178345
2177 0.3460444509983063
4122 0.3452851474285126
2179 0.34231093525886536
31113 0.34032875299453735
2160 0.3401940166950226
2450 0.34010520577430725
4107 0.3391494154930115
33155 0.3389747440814972
33962 0.3387964069843292
4769 0.3387410044670105
2166 0.33804211020469666
432 0.3379504382610321
30377 0.3371756672859192
449 0.3367651402950287
4108 0.3367375135421753
32659 0.3362695276737213
32056 0.33623892068862915
30355 0.3362368047237396
30382 0.3358275890350342
33952 0.33560630679130554
30369 0.3353114426136017
391 0.33494365215301514
33167 0.3342922627925873
32082 0.3341268002986908
2206 0.33389097452163696
2163 0.3337903320789337
31096 0.33353522419929504
32044 0.33344507217407227
34712 0.33335188031196594
1595 0.3333223760128021
33170 0.3333054184913635
2361 0.33319905400276184
32122 0.33289483189582825
4242 0.3328549563884735
2168 0.3328397274017334
32669 0.33279290795326233
2792 0.3326473832130432
33168 0.332505464553833
32219 0.33249953389167786
4120 0.3324373960494995
32051 0.3324134051799774
32065 0.3320934474468231
32039 0.33208605647087097
402 0.33183491230010986
32025 0.3314930200576782
3355 0.3312843143939972
4336 0.33108994364738464
4890 0.3310760259628296
4206 0.33103182911872864
34031 0.3309182822704315
32080 0.33083343505859375
33957 0.33076292276382446
33941 0.33075782656669617
31109 0.33053556084632874
33880 0.3305332660675049
1917 0.33017417788505554
33950 0.3298744559288025
4892 0.32979658246040344
442 0.32975125312805176
4915 0.3296930193901062
34077 0.32945770025253296
3307 0.32933273911476135
2182 0.32926124334335327
429 0.3291517496109009
32211 0.3290936350822449
4109 0.32898807525634766
31485 0.3285347521305084
32063 0.3285103738307953
32066 0.32804980874061584
4782 0.3280281126499176
2795 0.3279241919517517
33863 0.3278484642505646
30374 0.3277660608291626
4088 0.3277183473110199
1610 0.32770487666130066
4135 0.32769301533699036
33955 0.3275671601295471
400 0.32756099104881287
32038 0.32740384340286255
437 0.32736489176750183
2812 0.3273029923439026
4089 0.3272240161895752
32654 0.3272135555744171
33963 0.3271464705467224
31095 0.3271450698375702
2175 0.32713574171066284
4105 0.32708221673965454
4382 0.32703500986099243
33183 0.32694515585899353
440 0.32687926292419434
408 0.3266637921333313
4784 0.3266436755657196
32095 0.32643669843673706
2178 0.3264164924621582
4124 0.3262759745121002
32203 0.3262169361114502
32074 0.3261528015136719
2818 0.326103538274765
33966 0.32597559690475464
