5433 0.3618590235710144
31291 0.3564795255661011
4989 0.3514302968978882
5290 0.3452843129634857
1397 0.34426409006118774
35100 0.3438350260257721
35053 0.34371092915534973
35105 0.34273359179496765
30291 0.34196487069129944
339 0.34158048033714294
32718 0.3409672677516937
5271 0.34070929884910583
1620 0.34021666646003723
5304 0.3401920795440674
30282 0.3400644361972809
585 0.339557945728302
35262 0.3395153880119324
5368 0.33950361609458923
1636 0.33913883566856384
30496 0.3388671278953552
1403 0.33879348635673523
1628 0.3380216360092163
5297 0.337911993265152
34367 0.33768540620803833
1648 0.33735838532447815
32778 0.33712491393089294
35099 0.336989164352417
5372 0.3368167281150818
4822 0.33663755655288696
34638 0.3365957736968994
332 0.33651208877563477
352 0.33636873960494995
35092 0.336300790309906
31281 0.3362697660923004
588 0.33601415157318115
34865 0.3358843922615051
4992 0.33571314811706543
2918 0.3352552056312561
5060 0.33518317341804504
4816 0.33512791991233826
30506 0.3350752294063568
34627 0.3349304795265198
30489 0.3343047499656677
1630 0.33425676822662354
1402 0.3342459797859192
1392 0.33412933349609375
1400 0.3341144025325775
35095 0.3340870440006256
5249 0.333971232175827
31530 0.3339387774467468
1405 0.3332885801792145
35059 0.33328521251678467
2304 0.3332192599773407
31275 0.33316850662231445
34856 0.33308130502700806
5230 0.33302968740463257
5426 0.3328648805618286
1644 0.3327692747116089
31518 0.3327505588531494
34639 0.332712858915329
4825 0.3326473832130432
1622 0.3325815200805664
31279 0.3325768709182739
34668 0.332367479801178
34834 0.3323267698287964
33091 0.3320339620113373
31516 0.33181095123291016
32482 0.33109912276268005
5042 0.33106786012649536
32162 0.3308284878730774
4842 0.33081868290901184
32800 0.33064475655555725
4831 0.33049941062927246
32165 0.3300860822200775
30507 0.3298099637031555
32708 0.3297703266143799
5000 0.3297275900840759
1646 0.3296698331832886
34795 0.32965999841690063
5251 0.32964712381362915
5449 0.329454243183136
35179 0.3292577266693115
1398 0.3291933536529541
589 0.329120397567749
2862 0.3291042745113373
1384 0.32892411947250366
2900 0.32881584763526917
35114 0.3287714421749115
359 0.32874512672424316
31510 0.3287077248096466
34851 0.32846879959106445
35112 0.3283408284187317
32794 0.3282366693019867
2822 0.32822680473327637
2615 0.32811760902404785
5234 0.32809901237487793
34800 0.3280569314956665
1134 0.3280394375324249
4809 0.3279264569282532
34927 0.32792142033576965
